1.5713296e-18
0.050670177
0.10271422
0.15553159
0.20818205
0.25959525
0.30880785
0.3551139
0.39811033
0.4376563
0.47381046
0.50675446
0.5367354
0.5640277
0.5889001
0.61160856
0.6323852
0.6514403
0.6689638
0.6851218
0.7000663
0.7139341
0.72684497
0.73890543
0.7502103
0.76084495
0.77088547
0.78040576
0.78947014
0.7981396
0.8064711
0.8145126
0.82230043
0.8298681
0.837236
0.8444242
0.8514483
0.85832804
0.86507726
0.8717115
0.87823963
0.8846673
0.89099765
0.89723027
0.9033663
0.90939987
0.91533065
0.921161
0.9269
0.9325428
0.93809
0.94353676
0.94887435
0.9541004
0.959201
0.96417356
0.96901256
0.9737139
0.97826767
0.98267055
0.98691124
0.99097866
0.9948623
0.9985455
1.0020118
1.0052565
1.008267
1.011038
1.0135642
1.015841
1.0178686
1.0196481
1.0211715
1.0224371
1.023443
1.0241907
1.024678
1.024911
1.0248905
1.0246245
1.0241172
1.0233893
1.0224473
1.0213073
1.0199752
1.0184674
1.0167959
1.0149748
1.0130188
1.0109472
1.0087744
1.0065155
1.0041882
1.0018077
0.99938613
0.99693924
0.99447453
0.99200374
0.9895378
0.98708755
0.984663
0.98227924
0.9799418
0.9776571
0.9754336
0.97327393
0.9711797
0.96915543
0.96720004
0.9653187
0.96350914
0.96177363
0.9601135
0.9585251
0.9570129
0.9555713
0.9541994
0.9528957
0.95165855
0.950484
0.9493697
0.94831127
0.9473038
0.94634765
0.94543785
0.9445698
0.94374156
0.9429523
0.9422023
0.9414838
0.94079673
0.94013935
0.93950725
0.9388966
0.9383075
0.93773663
0.9371816
0.93664193
0.9361179
0.9356061
0.9351089
0.93462306
0.9341507
0.9336891
0.9332439
0.93280727
0.9323863
0.93197894
0.93158466
0.93110156
0.93068516
0.930333
0.9299977
0.92967266
0.92936635
0.92907304
0.92879295
0.9285295
0.92827916
0.9280408
0.9278166
0.9276036
0.92740166
0.9272124
0.92703277
0.92686206
0.9267021
0.92654777
0.92640567
0.92626786
0.9261905
0.9261678
0.92605156
0.9259446
0.9258407
0.92574406
0.9256536
0.9255667
0.9254878
0.92541313
0.9253434
0.9252777
0.92522115
0.9251659
0.9251163
0.9250743
0.9250355
0.9250014
0.9249723
0.924949
0.9249326
0.9249185
0.9249116
0.9249079
0.92491025
0.92491615
0.9249274
0.9249454
0.9249684
0.92499554
0.9250272
0.9250642
0.92510647
0.92515415
0.9252077
0.9252665
0.9253304
0.92539924
0.9254728
0.9255532
0.9256378
0.92572606
0.9258194
0.9259173
0.9260201
0.9261272
0.9262382
0.9263518
0.9264701
0.9265935
0.9267187
0.9268477
0.92697895
0.9271148
0.9272529
0.9273923
0.9275363
0.9276782
0.9278243
0.92797214
0.9281191
0.92827046
0.9284206
0.9285728
0.92872494
0.928877
0.9290299
0.92918193
0.9293364
0.9294883
0.9296424
0.92979497
0.92994595
0.9300973
0.9302453
0.93039405
0.9305406
0.9306846
0.9308293
0.93097043
0.93110996
0.9312484
0.93138576
0.9315188
0.93165195
0.9317834
0.93191135
0.93203855
0.93216294
0.93228585
0.9324067
0.9325251
0.93264174
0.93275684
0.9328691
0.9329815
0.93308955
0.93319863
0.9333032
0.9334093
0.933512
0.93361217
0.9337119
0.9338081
0.9339041
0.9339974
0.93408966
0.93417907
0.93426824
0.9343538
0.9344388
0.9345239
0.9346056
0.9346858
0.9347642
0.9348436
0.9349183
0.9349948
0.93506825
0.9351394
0.9352095
0.93528014
0.93534946
0.9354157
0.9354816
0.93554604
0.93561053
0.93567
0.935732
0.93578964
0.93584675
0.93590236
0.9359564
0.9360093
0.9360605
0.9361094
0.9361575
0.9362045
0.93624806
0.9362906
0.9363349
0.9363755
0.93641376
0.9364519
0.93648803
0.9365227
0.9365579
0.93658996
0.9366203
0.9366508
0.9366805
0.93670696
0.9367322
0.93675965
0.93678254
0.93680584
0.93682796
0.9368497
0.9368696
0.9368884
0.9369079
0.9369248
0.93694234
0.9369599
0.93697685
0.9369925
0.93700844
0.9370222
0.93703735
0.93705124
0.93706554
0.9370773
0.93708867
0.9371007
0.9371123
0.93712306
0.9371335
0.9371432
0.93715286
0.937162
0.9371707
0.93717945
0.93718785
0.93719536
0.93720174
0.9372089
0.9372157
0.937221
0.9372267
0.9372304
0.9372354
0.9372402
0.93724275
0.93724716
0.93725014
0.93725204
0.9372549
0.9372563
0.9372583
0.93725884
0.9372585
0.9372583
0.9372579
0.93725806
0.93725735
0.9372556
0.9372537
0.93725216
0.9372489
0.9372459
0.93724346
0.9372407
0.9372375
0.9372342
0.9372298
0.93722534
0.93722165
0.9372169
0.9372121
0.9372067
0.9372034
0.9371993
0.9371951
0.9371903
0.9371858
0.93718064
0.9371768
0.93717194
0.93716645
0.9371617
0.93715775
0.93715054
0.9371447
0.9371399
0.93713486
0.9371288
0.93712395
0.9371169
0.93710923
0.9371005
0.9370936
0.93708634
0.9370789
0.9370687
0.9370609
0.937052
0.9370425
0.9370331
0.9370252
0.9370143
0.93700546
0.9369955
0.93698406
0.93697464
0.9369624
0.9369504
0.9369385
0.9369271
0.93691635
0.9369056
0.9368928
0.9368799
0.93686676
0.93685603
0.93684417
0.93683213
0.9368218
0.9368123
0.9368019
0.93679184
0.936782
0.93677276
0.9367645
0.93675625
0.9367488
0.9367413
0.9367349
0.9367273
0.93672127
0.93671584
0.9367109
0.9367056
0.93670285
0.93669975
0.936695
0.93669224
0.936692
0.93669003
0.93669003
0.9366902
0.9366915
0.93669385
0.93669486
0.93669635
0.93670017
0.93670326
0.93670654
0.9367101
0.9367148
0.93671757
0.93672043
0.9367249
0.9367267
0.9367287
0.9367316
0.9367349
0.93673825
0.93673736
0.9367378
0.93673927
0.93673706
0.9367362
0.93673486
0.93673337
0.9367322
0.93672967
0.9367253
0.9367219
0.9367199
0.9367162
0.93671393
0.9367106
0.93670857
0.93670815
0.9367063
0.9367027
0.93670136
0.93669945
0.9366974
0.93669486
0.93669033
0.9366899
0.93668747
0.93668354
0.9366794
0.93667483
0.93667316
0.9366729
0.93667346
0.93667233
0.9366729
0.9366733
