-1.4756913e-23
-7.1054274e-15
-1.8947806e-13
-6.3159355e-15
2.5263742e-14
8.526513e-13
3.157968e-14
-1.2631871e-14
2.153734e-12
4.200097e-12
2.5263742e-14
-1.18108e-12
-7.5917545e-12
-6.252776e-13
4.092726e-12
-1.2884508e-12
2.2105774e-12
-2.5769016e-12
1.970572e-12
-1.3490838e-11
2.526374e-12
-9.6760135e-12
-1.4147696e-12
-5.886452e-12
4.4590503e-12
2.5958495e-12
5.621183e-13
1.6295113e-12
-1.1621321e-12
-2.5263742e-14
9.24653e-12
-4.193781e-12
-1.3137145e-12
2.627429e-12
-3.0063853e-12
-2.4758468e-12
1.0610771e-12
8.539145e-12
2.38995e-11
0.0
9.094947e-12
-7.0233203e-12
1.4501388e-11
-2.3040533e-11
-2.789117e-11
6.8212103e-12
2.2131038e-11
1.4754024e-11
9.094947e-13
-1.1469738e-11
-1.5385618e-11
-2.9937535e-11
2.8320655e-11
2.9192253e-11
-4.3112576e-11
-4.882218e-12
1.03960295e-11
-1.2183439e-11
-4.3744168e-11
-2.124049e-11
-4.408523e-11
5.4708633e-11
3.1276513e-11
-1.4829816e-11
1.5714048e-11
5.5074955e-12
2.349528e-12
-1.0433925e-11
7.62965e-12
3.3954468e-11
-6.76563e-11
-8.185452e-12
8.589672e-12
-6.523098e-11
-3.087229e-11
-1.869517e-12
6.770683e-12
-1.8695169e-11
-1.1217101e-11
-5.057801e-11
-2.4556357e-11
2.3874236e-11
2.147418e-11
3.084703e-11
-2.5806912e-11
-4.888534e-11
9.3526374e-11
5.2649638e-11
9.900861e-11
-5.5327596e-12
8.1399776e-11
-7.97071e-11
-7.851971e-11
-3.779456e-11
-4.4337867e-11
-7.8696556e-11
-4.7445308e-11
3.8274568e-11
6.285619e-11
3.4055522e-11
-1.0787617e-11
-5.8586615e-11
1.2652082e-10
1.6800387e-11
-2.16005e-11
1.3831898e-10
-3.7314547e-11
2.8952249e-11
-9.105053e-11
-5.866241e-11
-5.67171e-11
-8.397668e-11
-3.3853413e-11
-1.0181288e-11
-7.505858e-11
-3.1756524e-11
3.1756524e-11
-9.870544e-11
-1.4375069e-11
1.7932204e-10
-5.4519153e-11
1.4678234e-10
7.25322e-11
6.212354e-11
2.9558578e-12
-1.05551914e-10
1.4178012e-10
7.198903e-11
-1.9331815e-10
-1.6119531e-10
-1.7127554e-10
-2.0414366e-10
1.9756245e-11
-6.0102444e-11
2.4758468e-12
4.2518877e-11
3.814825e-12
4.3403107e-11
-3.605136e-11
-2.1095225e-11
8.763992e-11
7.788811e-11
5.0881174e-11
1.3804108e-10
1.428412e-10
-1.5577623e-10
-8.491144e-11
4.4590505e-11
-1.4155274e-10
9.69875e-11
1.1126152e-10
-8.8865214e-11
1.6802915e-10
4.880955e-11
3.842615e-11
1.1404053e-10
-4.1874653e-11
-1.249292e-11
-1.0312659e-10
-5.7512908e-11
6.3689894e-11
3.3070238e-11
-9.24653e-12
-1.7972626e-10
1.2038173e-10
-3.587451e-11
-1.2937562e-10
-1.5612992e-11
6.336146e-11
-7.6928096e-11
1.565594e-10
5.143698e-11
1.0881093e-10
2.7032203e-11
6.409411e-11
3.3444142e-10
-1.9243392e-10
-4.820322e-11
5.5201274e-11
-5.6868683e-11
2.5890282e-10
6.4902556e-11
4.165991e-11
1.3073986e-10
7.397224e-11
2.0210994e-13
1.4544337e-10
-2.8345918e-11
-2.005941e-11
-8.564408e-11
6.717629e-11
-4.3428372e-11
3.3044973e-11
5.8637144e-11
2.0925957e-10
1.5453831e-10
1.5534675e-10
5.7677123e-11
1.769725e-10
-3.4876595e-11
1.1478581e-10
2.0109938e-11
1.644417e-10
-7.8418654e-11
2.0491421e-10
-1.460118e-10
6.091088e-11
-8.300402e-11
-4.7887423e-11
4.4186283e-11
-1.5938895e-10
4.1950443e-11
-1.7809675e-10
8.98126e-12
1.8480427e-11
-1.125626e-10
1.5322459e-11
-4.4236812e-11
-2.1726818e-11
1.2718399e-10
-1.2785979e-10
3.8527206e-13
7.113007e-11
-2.2581996e-10
-1.23186e-10
-5.5327596e-12
4.55e-11
8.201874e-11
5.6552887e-11
-8.102082e-11
-4.9857993e-11
1.9758772e-10
-1.41982225e-11
1.0863409e-12
1.3308939e-10
-2.0243836e-10
9.2010545e-11
-3.382815e-11
-3.5697667e-11
1.11994164e-10
-4.5803163e-11
-1.5863104e-10
-4.795058e-11
-3.0821764e-12
1.489045e-10
1.0433925e-11
1.1646585e-11
-1.2793559e-10
-9.754331e-11
-5.3458078e-11
8.013659e-11
-1.5198667e-10
-6.063298e-13
2.45892e-10
6.424569e-11
1.3187673e-10
-2.6122708e-11
-2.0210994e-13
-3.011438e-11
-1.3516101e-11
-6.470044e-11
-5.5933924e-11
-1.2131648e-10
8.529039e-11
1.0633509e-10
-2.8724875e-11
4.3201e-12
3.266602e-11
1.0322765e-10
4.6687394e-11
2.0584896e-10
-2.5415324e-11
1.3177567e-10
-4.2897835e-11
2.61985e-11
1.0257079e-11
-2.6526928e-11
2.4758468e-12
6.6191004e-11
2.0135203e-11
-1.4241171e-10
1.318262e-10
-1.2672292e-10
1.8237895e-10
2.6425874e-11
5.179067e-11
-7.076374e-11
1.08255134e-10
-1.1020044e-10
-3.6202943e-11
-2.046363e-11
9.405691e-11
1.1676901e-10
-1.9470765e-10
8.372404e-11
6.611521e-11
6.651943e-11
6.745419e-11
-1.2136701e-10
1.3526208e-10
-1.1280261e-10
-1.7199556e-10
-1.6161215e-10
-1.7234925e-10
8.276402e-11
-1.3137146e-11
4.598001e-12
2.349528e-12
-1.0974569e-10
-9.398112e-11
-1.7229872e-10
4.630844e-11
1.8518322e-11
-1.07320375e-10
-1.8212631e-10
-1.3864741e-10
-2.1443863e-10
-6.82121e-11
-4.206413e-11
-8.114714e-11
-6.002665e-11
1.8381899e-10
2.167629e-10
-1.02949746e-10
-9.590116e-11
1.7684619e-12
1.9806774e-11
3.02407e-11
-2.1845557e-10
5.429178e-11
7.4528037e-11
6.1087725e-11
-4.52221e-12
-1.768462e-11
-2.8868877e-10
8.157662e-11
-6.1289834e-11
-1.4061799e-10
2.0165519e-10
-6.0784565e-11
-9.913492e-11
4.0674623e-11
9.398112e-12
1.5420988e-10
-1.8290949e-11
-1.5906051e-10
1.0959411e-10
-1.08937255e-10
8.40272e-11
-8.3572455e-11
-1.2343865e-10
1.812926e-10
9.676013e-11
-9.0191556e-11
-1.5138034e-10
1.3910216e-10
-1.1626374e-10
-3.1801997e-10
-2.2535258e-11
-1.0100444e-10
1.2495446e-10
-1.364242e-12
1.0974569e-10
-1.6487117e-10
-1.5946473e-10
-4.042199e-12
2.2959688e-10
1.9907829e-11
5.5125484e-11
-9.8831755e-11
5.1234867e-11
-1.2439866e-10
8.337035e-12
1.5835314e-10
9.600222e-13
-1.0105497e-10
7.200166e-11
-1.7664409e-10
6.67468e-11
-9.701277e-12
-4.800111e-11
1.9806774e-11
2.7082732e-11
2.2504941e-10
5.5428648e-11
1.1116046e-12
1.4016324e-10
1.9771404e-10
1.2419656e-10
-2.300011e-10
-7.513437e-11
-1.5092559e-10
-4.1887285e-11
-1.489045e-10
1.4486229e-10
2.2029982e-11
-1.5107717e-11
2.3646862e-11
-5.325597e-11
2.3050638e-10
2.3242643e-12
1.08937255e-10
-1.349589e-10
9.6709606e-11
6.326041e-11
-4.9264298e-11
-1.4895501e-10
-6.947529e-12
8.892837e-12
-1.0312659e-10
2.1145752e-11
-3.5369238e-12
4.100305e-11
-7.414908e-11
-2.397529e-11
-2.2990006e-11
7.947973e-11
1.5132982e-11
2.1095225e-11
1.4708551e-10
1.0926568e-10
1.8998334e-11
-2.2838422e-11
3.4813437e-11
-2.6526928e-11
-3.5874513e-12
-6.7428924e-11
6.13151e-11
-1.2353969e-11
-3.2804967e-11
-4.5828428e-11
5.011063e-11
-8.152609e-11
2.343212e-11
-2.0413103e-11
-9.5117985e-12
3.7162964e-11
-2.8169073e-12
-9.4347447e-11
4.8556912e-11
5.5428648e-11
9.324847e-11
7.2772205e-11
-1.1851221e-10
-1.1975014e-10
2.0078359e-11
2.7859591e-11
1.889728e-11
-1.6541435e-11
-2.2251041e-11
-2.5093212e-11
-5.5599178e-11
-2.4752152e-11
-4.5601053e-12
-7.724389e-12
5.561181e-11
5.143698e-11
-3.7598764e-11
4.92264e-11
1.3895058e-11
1.08760405e-11
6.458675e-11
1.5612992e-11
5.583287e-12
2.450583e-12
-8.109661e-11
5.732343e-11
2.6223764e-11
-2.3520543e-11
-2.3394224e-11
3.0025957e-11
-8.420405e-11
1.4905607e-12
-2.0084674e-12
1.4526652e-11
2.0716269e-11
-2.4821626e-11
2.6678512e-11
6.189617e-13
2.2029982e-11
6.558468e-11
-2.6830094e-11
-5.282017e-11
1.9200444e-12
1.3010827e-11
-4.486209e-11
-8.248612e-12
2.9242782e-11
-5.539707e-11
-5.3432814e-12
-2.0027832e-11
-3.7516656e-12
-6.8275264e-12
-1.6339326e-11
1.06360355e-11
-7.642282e-12
-2.6084814e-12
4.2316769e-13
-2.9375415e-11
-1.2979247e-11
4.3327317e-12
2.1145752e-11
-1.8474111e-12
-1.66867e-11
1.3295044e-12
-6.461202e-12
-1.945308e-12
2.8548028e-12
-1.073709e-12
4.594843e-13
1.5379303e-12
0.0
