-3.10054e-20
-0.0046514263
-0.008610754
-0.011877491
-0.014487331
-0.016498232
-0.017974058
-0.01897417
-0.019549081
-0.019739393
-0.019576857
-0.01908541
-0.018283565
-0.017185746
-0.015804384
-0.014151028
-0.012237301
-0.010075467
-0.0076800487
-0.0050688814
-0.0022633288
0.0007130888
0.003836123
0.0070819696
0.010428077
0.013852414
0.017333658
0.020853203
0.024395458
0.027947787
0.031499036
0.035039976
0.038561568
0.04205408
0.04551037
0.048929885
0.052317567
0.055680394
0.059026733
0.06236452
0.06570171
0.0690467
0.07240686
0.07579107
0.0792094
0.082669035
0.08617531
0.08973601
0.09336015
0.09705513
0.1008276
0.104684174
0.10863245
0.11267963
0.11683187
0.12109341
0.12546292
0.12993689
0.13451326
0.13919207
0.14397301
0.14885443
0.15383355
0.15890352
0.16405891
0.16929123
0.17459387
0.17996094
0.18538713
0.19086698
0.19639201
0.20195267
0.20753632
0.21313207
0.21873038
0.22432083
0.22989114
0.23542958
0.24092296
0.2463575
0.2517195
0.25699893
0.2621879
0.26727876
0.27226603
0.27714345
0.28190872
0.2865556
0.29107645
0.29546487
0.29971412
0.3038214
0.307783
0.31159425
0.3152514
0.3187535
0.32209995
0.32529175
0.32833344
0.3312279
0.33397958
0.33659005
0.33906424
0.3414058
0.34362122
0.34571803
0.34770274
0.34958443
0.35136867
0.35305965
0.3546603
0.35617498
0.3576072
0.35896116
0.3602434
0.36145803
0.36261156
0.36371148
0.3647641
0.36577433
0.36674353
0.36767387
0.36856687
0.36942193
0.37024218
0.37102693
0.37177408
0.37248427
0.3730982
0.373735
0.37433726
0.3749043
0.37543896
0.37593892
0.3764041
0.37683445
0.37722737
0.37758228
0.37789804
0.37817156
0.37840465
0.37859347
0.37873974
0.378843
0.37890318
0.37892136
0.37889796
0.37883413
0.37873197
0.37863314
0.37847924
0.37827107
0.37803182
0.37776342
0.3774689
0.37714943
0.37680805
0.37644708
0.37606803
0.37567455
0.3752677
0.37484998
0.37442318
0.37398997
0.37355155
0.3731109
0.37266764
0.37222424
0.3717823
0.37134317
0.3709068
0.37047532
0.37004983
0.36962906
0.36921543
0.36880866
0.36840898
0.36801732
0.3676329
0.3672572
0.36688867
0.36652827
0.36617535
0.3658299
0.36549193
0.3651613
0.36483732
0.36451977
0.36420885
0.36390373
0.3636043
0.3633104
0.3629625
0.36267924
0.36240032
0.36212626
0.36185628
0.36159047
0.36132878
0.36107084
0.3608174
0.36056554
0.36031824
0.36007357
0.3598309
0.3595913
0.35935372
0.3591181
0.35888478
0.3586525
0.35842144
0.35819235
0.35796377
0.35777602
0.3575691
0.35734332
0.35711974
0.35689646
0.35667387
0.35645282
0.356232
0.35601258
0.35579428
0.3555771
0.35536107
0.35514584
0.3549314
0.35471857
0.35450646
0.3542949
0.35408533
0.35387602
0.35366893
0.35346308
0.3532584
0.35305506
0.352855
0.35265717
0.35246137
0.3522687
0.35207942
0.35189205
0.35170838
0.35152754
0.3513499
0.35117552
0.35100433
0.35083658
0.35067284
0.35051143
0.3503545
0.35020047
0.35005036
0.3499041
0.34976152
0.34962276
0.3494907
0.3493601
0.3492334
0.34911162
0.34899333
0.3488793
0.3487687
0.3486633
0.34856066
0.34846282
0.34836873
0.34827805
0.34819138
0.34810832
0.34802967
0.34795448
0.34788346
0.3478154
0.3477523
0.34769195
0.34763488
0.3475825
0.3475324
0.34748697
0.34744415
0.34740475
0.34736866
0.347335
0.3473045
0.347276
0.34724998
0.34722695
0.3472053
0.34718615
0.34716865
0.3471532
0.34713918
0.34712657
0.3471161
0.34710687
0.34709904
0.34709343
0.3470894
0.347086
0.3470854
0.34708545
0.3470874
0.34709024
0.34709528
0.34710175
0.34710905
0.34711725
0.34712708
0.3471383
0.3471502
0.3471632
0.34717754
0.34719244
0.34720826
0.3472247
0.34724283
0.3472606
0.3472804
0.3473004
0.34732118
0.34734362
0.34736603
0.3473891
0.34741294
0.34743774
0.34746352
0.34748885
0.34751648
0.34754372
0.347571
0.3475993
0.34762862
0.34765828
0.3476881
0.34771857
0.34775025
0.34778124
0.34781337
0.34784514
0.3478782
0.34791103
0.3479439
0.34797677
0.3480109
0.34804407
0.34807777
0.3481117
0.34814495
0.3481787
0.3482122
0.3482445
0.34827814
0.34831065
0.34834296
0.34837496
0.3484066
0.34843865
0.34846985
0.3485005
0.34853175
0.34856197
0.34859228
0.34862188
0.34865135
0.34868056
0.34870994
0.34873784
0.34876686
0.3487951
0.34882265
0.3488496
0.34887633
0.34890378
0.34892967
0.34895647
0.348982
0.34900737
0.34903225
0.34905735
0.34908092
0.34910583
0.34912917
0.34915307
0.34917605
0.349199
0.34922203
0.3492444
0.3492667
0.34928843
0.34930962
0.3493315
0.34935242
0.3493736
0.34939387
0.34941423
0.3494336
0.34945384
0.34947312
0.34949186
0.34951007
0.34952807
0.34954622
0.349564
0.34958008
0.34959713
0.34961307
0.34962854
0.34964374
0.3496587
0.34967256
0.34968692
0.34970042
0.34971344
0.3497262
0.34973854
0.34975067
0.34976265
0.34977424
0.34978542
0.34979635
0.34980744
0.34981757
0.34982863
0.34983838
0.34984866
0.34985948
0.34986955
0.34988075
0.3498913
0.34990233
0.34991398
0.34992507
0.34993738
0.349949
0.34996095
0.3499736
0.34998548
0.34999785
0.35001
0.35002184
0.35003367
0.35004523
0.35005686
0.3500684
0.35007963
0.3500904
0.3501009
0.3501118
0.35012212
0.35013226
0.35014212
0.3501517
0.35016116
0.35016987
0.35017824
0.35018662
0.3501947
0.3502019
0.35020933
0.35021487
0.35022083
0.35022607
0.350231
0.35023415
0.35023758
0.35024008
0.35024133
0.35024202
0.35024187
0.35024115
0.3502396
0.35023725
0.35023487
0.35023198
0.35022876
0.3502248
0.35022125
0.3502174
0.35021344
0.35020915
0.3502059
0.35020196
0.3501985
0.3501951
0.3501917
0.35018936
0.35018623
0.35018376
0.35018155
0.35017967
0.3501777
0.3501749
0.35017258
0.35016966
0.3501663
0.35016266
0.35015842
0.35015404
0.3501488
0.3501438
0.3501384
0.35013363
0.35012853
0.35012394
0.35011935
0.35011613
0.35011253
0.35010958
0.35010684
0.35010505
0.35010445
