1.5713296e-18
0.046387497
0.09401426
0.14232023
0.19049287
0.23768531
0.28321192
0.32662523
0.3677102
0.40642574
0.44284523
0.47710243
0.5093544
0.5397631
0.56847215
0.5956152
0.62130266
0.6456307
0.66868836
0.6905502
0.7112868
0.7309635
0.749638
0.7673697
0.78421307
0.80022186
0.8154436
0.8299254
0.84371084
0.8568381
0.86934817
0.8812823
0.8926671
0.9035337
0.9139129
0.9238262
0.93329525
0.9423287
0.9509343
0.95911574
0.966879
0.9742312
0.9811904
0.98777306
0.9939931
0.9998647
1.0053979
1.0106041
1.0154941
1.0200715
1.0243405
1.028315
1.0320058
1.0354255
1.0385737
1.0414482
1.0440485
1.0463746
1.0484157
1.0501751
1.0516464
1.0528294
1.0537359
1.0543703
1.0547423
1.0548557
1.0547218
1.0543482
1.0537441
1.0529277
1.0519042
1.0506899
1.0492868
1.0477061
1.0459615
1.0440642
1.0420333
1.0398839
1.0376337
1.0352896
1.0328677
1.030383
1.0278414
1.0252569
1.0226376
1.0199952
1.0173405
1.0146854
1.0120368
1.0094082
1.0068066
1.0042431
1.0017221
0.9992552
0.99684674
0.9945033
0.9922266
0.9900181
0.9878819
0.9858186
0.98383015
0.98192173
0.9800893
0.9783358
0.9766566
0.9750523
0.9735169
0.9720504
0.97065055
0.9693114
0.9680293
0.9668044
0.96563107
0.96450436
0.96342576
0.9623876
0.9613889
0.96042895
0.959502
0.958607
0.9577382
0.95689136
0.95606804
0.955261
0.9544719
0.95369786
0.95294136
0.95219636
0.9514657
0.950746
0.95003986
0.94934887
0.94867015
0.9480042
0.9473531
0.9467141
0.9460895
0.945479
0.9448828
0.9442981
0.9437294
0.94317734
0.9426384
0.94211674
0.94161004
0.9411192
0.94064564
0.94018924
0.93974835
0.9393237
0.93891746
0.93852645
0.9381505
0.9377899
0.9374447
0.9371128
0.93679553
0.9364903
0.936198
0.9359153
0.9356429
0.93537945
0.93512577
0.93487763
0.9346375
0.9344027
0.9341729
0.93394786
0.93372756
0.93351024
0.9332962
0.93308514
0.93287593
0.93266827
0.9324645
0.9322601
0.9320595
0.9318585
0.9316615
0.93146485
0.9312703
0.93108016
0.9308883
0.93070006
0.9305135
0.9303288
0.93014854
0.9299703
0.92979664
0.92962414
0.9294547
0.929291
0.929128
0.92897046
0.92881584
0.92866695
0.9285217
0.92838013
0.9282442
0.9281132
0.9279867
0.9278657
0.92774796
0.9276372
0.9275323
0.92743194
0.9273383
0.92725086
0.9271699
0.92709434
0.9270255
0.9269639
0.92691016
0.92686325
0.926822
0.9267871
0.9267629
0.92674434
0.9267314
0.9267274
0.92673206
0.92674226
0.9267592
0.92678344
0.926818
0.9268553
0.9269016
0.92695403
0.9270118
0.92707705
0.9271484
0.9272265
0.9273082
0.9273972
0.9274909
0.9275894
0.9276923
0.9277995
0.92791057
0.92802566
0.928145
0.9282682
0.92839456
0.9285228
0.9286535
0.92878795
0.9289231
0.9290605
0.92919934
0.92934006
0.9294803
0.9296235
0.9297658
0.92990845
0.93005157
0.93019414
0.93033534
0.9304767
0.9306172
0.9307572
0.93089443
0.931029
0.9311621
0.9312943
0.9314251
0.9315532
0.9316792
0.93180114
0.93192166
0.93203926
0.9321538
0.9322661
0.932377
0.9324837
0.93258923
0.9326932
0.93279254
0.9328905
0.9329865
0.933081
0.93317264
0.9332621
0.9333494
0.9334365
0.9335221
0.93360317
0.93368554
0.9337657
0.93384576
0.933923
0.9339978
0.9340737
0.9341474
0.9342203
0.9342911
0.9343616
0.9344294
0.9344993
0.93456405
0.9346303
0.9346942
0.93475884
0.9348209
0.93488014
0.93494105
0.9350007
0.9350582
0.9351146
0.93516994
0.9352255
0.93527764
0.93533015
0.93538165
0.9354323
0.93548054
0.93552905
0.9355757
0.93562233
0.9356673
0.93571174
0.935755
0.93579715
0.93583924
0.9358809
0.93592006
0.9359595
0.93599725
0.93603516
0.93607163
0.93610847
0.93614376
0.93617797
0.93621147
0.93624467
0.9362774
0.936309
0.9363399
0.93637
0.9364
0.9364287
0.93645763
0.9364856
0.936512
0.9365391
0.93656445
0.9365895
0.9366135
0.9366369
0.9366597
0.9366826
0.9367057
0.93672574
0.9367469
0.9367646
0.9367839
0.93680274
0.936821
0.93683773
0.93685436
0.93687004
0.93688464
0.9368999
0.9369147
0.9369278
0.93693954
0.93695045
0.9369621
0.93697274
0.9369828
0.93699306
0.93700135
0.937009
0.9370173
0.93702674
0.9370331
0.9370384
0.93704253
0.93704677
0.9370511
0.9370544
0.93705803
0.9370594
0.9370613
0.9370647
0.9370642
0.9370644
0.9370646
0.9370635
0.93706155
0.9370598
0.93705684
0.93705356
0.9370501
0.9370466
0.9370437
0.9370394
0.9370353
0.9370296
0.9370236
0.9370192
0.9370146
0.93700886
0.93700206
0.93699646
0.93698967
0.9369835
0.93697906
0.9369719
0.93696624
0.9369615
0.93695474
0.9369475
0.9369421
0.9369365
0.9369319
0.9369281
0.9369228
0.9369176
0.93691283
0.9369097
0.93690544
0.9369014
0.93689704
0.9368922
0.9368886
0.93688446
0.93688136
0.936877
0.9368725
0.93686813
0.93686324
0.93685764
0.93685246
0.93684703
0.93684196
0.93683654
0.9368297
0.9368229
0.93681717
0.9368106
0.9368026
0.93679523
0.93678707
0.9367778
0.93676907
0.93676144
0.93675065
0.9367402
0.9367324
0.9367236
0.93671364
0.9367044
0.936697
0.9366879
0.93667996
0.93667305
0.93666595
0.9366601
0.93665534
0.9366511
0.93664646
0.93664074
0.9366381
0.9366348
0.93663365
0.9366315
0.93662834
0.9366276
0.9366259
0.9366248
0.9366238
0.9366243
0.93662494
0.9366263
0.9366277
0.9366294
0.9366315
0.93663377
0.93663716
0.93663925
0.9366437
0.9366473
0.9366543
0.9366613
0.9366667
0.9366726
0.9366792
0.9366834
0.9366916
0.93669486
0.9367004
0.9367058
0.9367098
0.9367132
0.93671554
0.9367188
0.9367214
0.9367235
0.9367229
0.9367214
0.93671924
0.936715
0.9367127
0.936709
0.9367041
0.93670017
0.93669677
0.936694
0.93669194
0.93669057
0.9366916
0.93669254
