-1.4756913e-23
4.3964832e-14
-8.094266e-13
3.2527068e-13
-1.3295044e-12
-4.8443224e-12
-2.0210994e-13
3.2463908e-12
-3.4863963e-12
-1.2000277e-12
3.334814e-12
-1.6699333e-11
-8.817046e-12
1.667407e-11
1.4526652e-11
1.849306e-11
3.4257635e-11
-2.3747918e-12
1.1469738e-11
-1.1924486e-11
-8.311771e-12
-1.4703497e-11
3.4687118e-11
1.8063575e-11
3.4131316e-11
3.840089e-12
1.849306e-11
-8.943364e-12
-1.174764e-11
6.0127706e-12
3.1327038e-11
2.8598556e-11
-2.0918378e-11
-1.8038312e-11
1.8695169e-11
2.3242642e-11
4.3049415e-11
3.8704054e-11
3.739034e-12
2.3950028e-11
-2.4859522e-11
3.152915e-11
6.677662e-07
2.093386e-07
1.8210206e-07
1.5460097e-07
1.2482047e-07
1.0384489e-07
8.814701e-08
7.075343e-08
4.25211e-08
4.29524e-09
-3.5439978e-08
-7.127508e-08
-1.05158605e-07
-1.3589205e-07
-1.6382748e-07
-1.9244038e-07
-2.2366577e-07
-2.5452835e-07
-2.797052e-07
-2.9851233e-07
-3.1087802e-07
-3.1687603e-07
-7.2540064e-07
-7.427342e-07
-7.733163e-07
-8.173461e-07
-8.7177614e-07
-9.3640665e-07
-1.0079079e-06
-1.0750038e-06
-1.1251819e-06
-1.155092e-06
-1.1744402e-06
-1.1879907e-06
-1.1972685e-06
-1.2049014e-06
-1.2098294e-06
-1.2203307e-06
-1.2405404e-06
-1.2627485e-06
-1.2833024e-06
-1.3002563e-06
-1.3081212e-06
1.5716472e-07
1.6835758e-10
-3.9755024e-10
-1.6310271e-10
-1.4410438e-10
1.4996557e-10
-2.1443863e-10
-3.6096834e-10
1.7260188e-10
2.3667074e-10
1.2126596e-10
-3.05186e-11
-3.092282e-10
1.4814658e-10
1.1439422e-10
2.8982564e-10
3.009417e-10
1.6027318e-10
1.2712714e-10
-1.2247862e-10
-5.7197114e-10
9.830396e-07
4.705762e-07
4.6343587e-07
4.4987144e-07
4.3578498e-07
4.222135e-07
4.092734e-07
3.952575e-07
3.800184e-07
3.6243404e-07
3.3997154e-07
3.1717232e-07
2.9596453e-07
2.7533395e-07
2.5504738e-07
2.3632553e-07
2.1735306e-07
1.9953546e-07
1.8343336e-07
1.6899786e-07
1.568838e-07
1.16869664e-07
4.252393e-10
7.6397555e-11
2.8497502e-10
2.5950916e-10
6.6979233e-10
-4.0947473e-10
-2.3444752e-10
4.9314823e-11
-5.271027e-10
2.5385008e-10
5.7803443e-11
-2.910383e-11
-3.0801553e-10
1.382432e-10
3.0356911e-10
-3.8441308e-10
1.0311649e-09
-6.1764793e-10
8.1248196e-11
-8.355225e-10
8.4199e-10
3.2297168e-10
2.2232093e-11
-4.745541e-10
-2.2312936e-10
-6.0713823e-10
-1.099478e-10
-7.0051304e-10
-2.0049305e-10
1.0849261e-09
-7.833781e-10
3.5894723e-10
1.6653859e-10
-8.084397e-11
-3.9128484e-10
1.7583564e-10
-3.8198777e-10
7.809528e-10
-3.2479067e-10
3.4075734e-10
-1.4127484e-10
1.10352026e-10
-8.510849e-10
1.6168795e-12
4.1654857e-10
-5.719711e-11
-3.785519e-10
5.8611883e-12
1.5218878e-10
-3.5328818e-10
1.8472848e-10
1.0301543e-09
5.982454e-11
-6.063298e-10
1.3177567e-10
-4.4827983e-10
3.8805106e-10
-6.386674e-11
2.7244418e-10
9.507252e-10
-2.483931e-10
9.159622e-10
1.1863853e-10
2.1864253e-08
-3.6349473e-08
-3.3150474e-08
-2.95129e-08
-2.521382e-08
-2.3013651e-08
-2.013783e-08
-1.788208e-08
-1.5169563e-08
-1.3367956e-08
-1.1648808e-08
-1.0690403e-08
-9.3977075e-09
-9.1487085e-09
-8.346938e-09
-9.175791e-09
-9.834063e-09
-1.0340348e-08
-1.1036415e-08
-1.3855646e-08
-1.5737088e-08
-1.8173726e-08
-9.155766e-07
-4.1654857e-10
3.9411436e-11
1.8998334e-11
-4.860744e-10
-5.307407e-10
-5.9319266e-10
-4.4464185e-12
-1.7805885e-10
4.498967e-10
-4.9335036e-10
3.112493e-11
6.164353e-10
-2.4111715e-10
-6.778767e-10
-2.439467e-10
-2.196935e-10
-1.2086174e-10
-1.8553692e-10
1.17223765e-11
1.12575234e-10
-5.47439e-08
-5.6676072e-08
-5.9539364e-08
-6.084419e-08
-6.434352e-08
-6.583165e-08
-6.7299375e-08
-6.891605e-08
-7.0621454e-08
-7.169425e-08
-7.179571e-08
-7.332124e-08
-7.3355196e-08
-7.2963104e-08
-7.2135464e-08
-7.1608355e-08
-6.9998755e-08
-6.927277e-08
-6.767328e-08
-6.535649e-08
-6.417617e-08
-6.836308e-08
3.2863076e-10
-1.952382e-10
2.851771e-10
-6.144142e-11
-6.123931e-11
1.8392005e-10
-4.1594225e-10
-8.973681e-11
-2.0534369e-10
3.1084507e-10
9.337479e-11
-4.8102165e-11
-7.3163794e-11
9.5193776e-11
-1.4582231e-10
-2.307085e-10
-2.2232092e-12
3.4277844e-10
-3.4459743e-10
-1.1702166e-10
3.435869e-11
7.185008e-11
-1.4511493e-10
-2.4879732e-10
-7.882288e-12
2.4051082e-11
-6.467518e-12
-4.364564e-10
6.830305e-10
-4.4514714e-10
1.680544e-10
5.396335e-11
4.1240533e-10
-3.9128484e-10
-4.76171e-10
3.7036646e-10
1.6168795e-11
-3.072071e-11
-4.5919377e-10
-2.2838422e-11
-5.1538034e-11
2.77598e-10
9.569905e-11
-4.656613e-10
-4.3079731e-10
2.57387e-10
-1.3500943e-10
-6.6292055e-11
2.3747917e-11
-2.8628871e-10
5.739922e-11
4.4883564e-10
2.3242643e-10
-2.688062e-10
1.7229872e-10
1.07320375e-10
2.7865907e-10
-5.793481e-10
-1.9079177e-10
-1.05147696e-10
-2.0120045e-10
2.2843476e-10
-3.91588e-11
2.0999222e-10
3.016491e-11
1.638101e-10
2.055458e-10
-3.316624e-10
4.2256135e-10
2.3909605e-10
-3.7764242e-10
-3.4944808e-10
-8.8625204e-11
2.7426317e-10
-1.4329594e-10
4.380733e-11
1.2343865e-10
9.145475e-11
-7.672599e-11
-1.4253804e-10
4.1483064e-11
4.3403107e-11
-2.1787451e-10
5.0552746e-11
3.8577735e-11
3.8349833e-07
6.558197e-08
6.976474e-08
7.347457e-08
7.733625e-08
8.124395e-08
8.508505e-08
8.812637e-08
9.175228e-08
9.489309e-08
9.7908774e-08
1.0058203e-07
1.03047114e-07
1.059191e-07
1.0810845e-07
1.1038148e-07
1.12557345e-07
1.14123246e-07
1.15630705e-07
1.172729e-07
1.1838966e-07
1.1961295e-07
1.2027886e-07
1.2115649e-07
1.2183877e-07
1.2188394e-07
1.2230018e-07
1.2250547e-07
1.2238532e-07
1.2211665e-07
1.2175366e-07
1.2148793e-07
1.2107165e-07
1.2003981e-07
1.19204515e-07
1.1836654e-07
1.1736923e-07
1.1625545e-07
1.15228026e-07
1.13718585e-07
1.1257983e-07
1.1106388e-07
1.0725827e-07
1.2653345e-10
-5.138645e-11
-2.2612312e-10
-1.3295044e-10
4.139464e-11
-3.2160743e-11
-2.0174361e-10
1.741935e-11
-1.6810493e-10
-4.4944198e-11
2.052679e-11
-2.3848971e-11
-8.5770405e-11
-1.4027693e-10
2.3419489e-11
-1.39203215e-11
1.08937255e-10
6.838895e-11
1.4239908e-10
-2.6501665e-11
3.097335e-11
1.033287e-11
1.2011646e-10
8.938312e-11
5.8232925e-11
-2.8623819e-11
6.947529e-13
-7.647335e-11
-1.3806635e-11
9.831385e-11
-4.787479e-12
-8.6667264e-11
1.085583e-10
-1.2985563e-11
9.574958e-12
2.2648945e-11
1.8146945e-10
-1.0154761e-10
5.1487505e-11
9.0772626e-11
1.17981675e-11
1.0154761e-10
8.512618e-11
6.231934e-11
-1.8297265e-10
-8.94147e-11
1.062593e-10
-2.2636313e-11
-1.3244517e-11
-1.6591962e-11
-8.6263045e-11
5.2390686e-11
1.0241289e-10
-1.4495072e-10
2.5233426e-10
3.0985348e-10
-1.5820155e-10
-1.8720432e-10
-1.5760154e-10
-1.5396988e-10
-1.7349243e-10
-5.2466476e-11
1.30360904e-11
-3.2471487e-10
-2.0678372e-11
2.1411022e-12
-2.5301638e-11
-7.2968e-11
4.4451554e-11
-2.2067879e-11
3.592504e-11
9.9463354e-11
-6.9172126e-11
-1.4064325e-10
2.266663e-10
-1.5410883e-11
-6.4852027e-11
-9.5244305e-11
1.9604663e-11
-3.8653525e-12
3.9664074e-11
-3.536924e-13
-9.3614796e-11
4.096516e-11
1.3490838e-11
-6.136563e-11
-1.5484147e-10
9.533273e-11
9.6179065e-11
9.347584e-12
2.9242782e-11
5.875083e-11
-4.408523e-11
-1.6168795e-11
4.8860076e-11
1.8417268e-11
2.7360633e-11
2.321738e-11
9.212423e-11
-9.371585e-11
3.4611326e-12
1.0585508e-11
3.5268184e-11
-3.4674486e-11
-1.2088701e-11
1.5031927e-11
-6.6974176e-11
5.406441e-12
-3.9108272e-11
3.1769157e-11
-1.4652971e-12
4.786216e-11
-7.4048025e-11
-1.7053026e-12
-3.8653525e-12
-1.41982225e-11
5.0590643e-12
-8.526513e-13
1.1485529e-11
2.9811214e-12
1.8701485e-11
2.3368961e-13
9.473903e-14
-2.150576e-12
2.463215e-13
-2.0834692e-12
5.530391e-13
0.0
