-3.10054e-20
-0.0070165787
-0.013413153
-0.019163392
-0.024268191
-0.028743843
-0.032609943
-0.035882093
-0.038568787
-0.040672228
-0.04219074
-0.043121304
-0.043461278
-0.04320954
-0.042369403
-0.04094878
-0.03896167
-0.03642618
-0.033364072
-0.029799916
-0.02576156
-0.021280156
-0.016389586
-0.011126954
-0.005530115
0.00036385667
0.0065191127
0.01290093
0.0194757
0.026212769
0.033085648
0.04007
0.04714247
0.05428224
0.061471745
0.06869352
0.07592908
0.08316145
0.09037715
0.097566895
0.10472458
0.11184924
0.11894233
0.12600356
0.13303067
0.14002496
0.1469877
0.15391943
0.1608183
0.16768081
0.17450418
0.18128653
0.18802586
0.19471942
0.2013593
0.20793921
0.21445373
0.22089307
0.2272417
0.23348498
0.23960932
0.24559969
0.2514515
0.2571596
0.26271883
0.26812387
0.27336657
0.27843684
0.2833236
0.28801912
0.29251662
0.29680967
0.30089343
0.30476534
0.30842435
0.31187052
0.31510696
0.3181345
0.32095632
0.32357255
0.32599047
0.32821712
0.33025813
0.3321201
0.33381146
0.33534077
0.33671853
0.33795342
0.3390595
0.34004867
0.34093046
0.3417153
0.34241128
0.34302557
0.3435669
0.3440412
0.34445682
0.34482154
0.34514436
0.34543434
0.34569946
0.345945
0.34617922
0.3464104
0.3466471
0.3468967
0.34716648
0.34746093
0.3477839
0.34813607
0.34851825
0.34893024
0.3493726
0.3498464
0.35035115
0.3508883
0.35145813
0.35205874
0.35268915
0.3533452
0.3540262
0.35473225
0.35546085
0.35621133
0.3569786
0.35775864
0.35854912
0.35934544
0.36014333
0.3609394
0.36173204
0.3625175
0.3632937
0.3640592
0.36481106
0.36554778
0.36626542
0.3669625
0.3676371
0.36828494
0.36890504
0.3694948
0.37005275
0.3705765
0.37106502
0.37151706
0.37193093
0.37230632
0.3726427
0.37293956
0.37319696
0.3734137
0.3735925
0.37373155
0.37383267
0.3738959
0.37392318
0.37391514
0.37387353
0.37379855
0.37369362
0.37355825
0.37339607
0.3732068
0.37299374
0.37275794
0.37250137
0.37222576
0.37193274
0.37162426
0.37130272
0.3709691
0.37062582
0.3702734
0.36991417
0.36954963
0.36918235
0.36881143
0.36843985
0.36806923
0.3676995
0.36733353
0.36697114
0.36661294
0.36626077
0.3659153
0.3655764
0.36524567
0.36492276
0.364608
0.36430332
0.36400688
0.3637199
0.3634432
0.363175
0.36291593
0.3626672
0.36242738
0.36219612
0.36197305
0.36175996
0.36155352
0.36135548
0.36116526
0.36098248
0.36080593
0.36063632
0.36047274
0.3603148
0.36016232
0.36001456
0.3598712
0.35973242
0.35959667
0.359464
0.3593344
0.35920644
0.35908067
0.35895675
0.35883316
0.35871124
0.3585888
0.35846698
0.35834384
0.35822102
0.35809577
0.35797012
0.3578429
0.35771397
0.35758266
0.35744956
0.357315
0.3571776
0.35703716
0.35689437
0.35674933
0.35660115
0.3564511
0.35629833
0.35614207
0.3559837
0.35582384
0.35566014
0.3554951
0.35532725
0.3551573
0.35498628
0.3548131
0.35463774
0.354462
0.3542856
0.35410708
0.3539288
0.35374892
0.35356987
0.3533901
0.3532106
0.35303184
0.3528533
0.3526762
0.35250056
0.3523259
0.35215318
0.35198206
0.35181323
0.35164708
0.35148448
0.35132405
0.3511678
0.35101378
0.35086417
0.35071838
0.35057586
0.3504375
0.3503033
0.35017288
0.35004726
0.34992564
0.34980774
0.34969375
0.349585
0.3494794
0.34937784
0.34928042
0.34918776
0.34909904
0.34901273
0.34893143
0.34885347
0.34877932
0.34870863
0.3486415
0.34857783
0.348518
0.3484609
0.34840706
0.348356
0.34830868
0.3482644
0.34822217
0.34818354
0.3481471
0.34811324
0.3480824
0.34805444
0.34802797
0.3480047
0.34798303
0.3479642
0.34794706
0.34793222
0.3479191
0.34790787
0.34789926
0.34789178
0.34788573
0.34788162
0.34787935
0.347878
0.3478788
0.34788045
0.34788322
0.34788793
0.34789285
0.34789953
0.34790727
0.3479153
0.34792486
0.34793502
0.3479463
0.3479585
0.34797063
0.34798414
0.34799778
0.3480126
0.34802756
0.34804356
0.34805915
0.34807593
0.34809235
0.34811047
0.34812832
0.34814656
0.34816495
0.34818357
0.3482028
0.3482217
0.34824172
0.34826097
0.34828103
0.34830046
0.34832096
0.34834132
0.34836152
0.3483818
0.3484027
0.34842297
0.3484432
0.34846374
0.348484
0.34850442
0.34852442
0.3485448
0.34856457
0.34858528
0.34860456
0.34862483
0.3486441
0.3486646
0.34868383
0.3487037
0.34872374
0.34874377
0.34876335
0.34878182
0.34880173
0.3488211
0.3488409
0.3488599
0.34887984
0.34889862
0.34891847
0.3489381
0.34895724
0.34897625
0.3489959
0.34901583
0.34903532
0.3490551
0.34907448
0.3490945
0.34911445
0.34913445
0.34915456
0.34917483
0.3491954
0.3492158
0.34923604
0.34925666
0.34927762
0.34929827
0.34931913
0.3493401
0.3493613
0.34938198
0.34940326
0.3494244
0.34944537
0.34946653
0.34948716
0.3495084
0.34952888
0.3495493
0.3495693
0.34958923
0.3496092
0.34962904
0.34964764
0.34966654
0.34968373
0.34970182
0.34971935
0.34973496
0.34975103
0.34976587
0.3497802
0.34979382
0.34980756
0.34982026
0.34983194
0.3498434
0.34985435
0.3498641
0.3498736
0.34988245
0.3498914
0.3498992
0.34990636
0.34991372
0.34992075
0.34992707
0.34993374
0.3499395
0.3499462
0.3499522
0.3499589
0.34996545
0.34997255
0.34997994
0.3499874
0.34999615
0.35000423
0.35001287
0.35002118
0.3500303
0.35003975
0.35004953
0.35005856
0.35006762
0.35007617
0.35008386
0.3500922
0.35009962
0.35010687
0.35011408
0.35012066
0.3501272
0.35013354
0.35013992
0.35014546
0.3501522
0.35015905
0.3501654
0.35017177
0.3501784
0.35018545
0.35019138
0.35019726
0.35020307
0.35020867
0.3502141
0.35021752
0.35022226
0.35022506
0.35022727
0.3502286
0.35022968
0.3502292
0.35022748
0.3502253
0.3502226
0.35021934
0.35021463
0.3502104
0.3502042
0.35019854
0.35019082
0.35018384
0.35017565
0.35016832
0.35016152
0.3501558
0.35015094
0.35014665
0.35014293
0.3501402
0.3501372
0.35013548
0.3501345
0.35013327
0.350133
0.35013285
