1.5713296e-18
0.06056531
0.12273571
0.18547574
0.2472151
0.3062644
0.36123464
0.4112604
0.4560095
0.4955738
0.5303109
0.56071377
0.5873212
0.61065227
0.6311827
0.64932764
0.6654482
0.67984545
0.69278
0.7044673
0.71509486
0.7248144
0.7337548
0.7420213
0.74970007
0.75686955
0.76359624
0.7699407
0.7759586
0.7816908
0.7871764
0.7924456
0.7975234
0.80242985
0.8071876
0.81180626
0.81629896
0.82067466
0.82494664
0.82913065
0.8332371
0.8372775
0.84125656
0.8451785
0.84903395
0.85282147
0.85653853
0.86018646
0.8637666
0.86727977
0.8707347
0.87413615
0.8774825
0.8807791
0.8840296
0.88723266
0.8903926
0.89350957
0.8965826
0.8996051
0.90257806
0.9054986
0.90836865
0.9111873
0.9139526
0.916658
0.9193038
0.921889
0.9244149
0.9268837
0.92929244
0.9316437
0.9339375
0.9361816
0.9383759
0.94052
0.94260937
0.9446427
0.9466249
0.94856197
0.95045704
0.95231426
0.9541367
0.95591533
0.95764756
0.9593312
0.9609692
0.96255904
0.9640983
0.9655842
0.9670172
0.96839917
0.969727
0.9710057
0.97223186
0.97341084
0.9745419
0.97562337
0.9766516
0.97762936
0.97855353
0.9794272
0.98024815
0.9810136
0.98171943
0.98237556
0.98293716
0.983408
0.98395115
0.98445755
0.98492503
0.9853574
0.9857556
0.9861247
0.9864607
0.9867616
0.98702174
0.9872359
0.98741
0.9875379
0.98762727
0.9876778
0.98769027
0.98766637
0.9876052
0.9875093
0.9873781
0.98721695
0.98719037
0.986984
0.9867597
0.98651844
0.9862573
0.98597676
0.98567253
0.9853416
0.98498833
0.9846137
0.9842169
0.98380214
0.9833731
0.9829309
0.98247784
0.98201054
0.9815254
0.9810168
0.9804838
0.9799298
0.97936356
0.9786786
0.9780414
0.9774504
0.9768558
0.9762586
0.97565866
0.975052
0.9744376
0.97381496
0.973188
0.97255844
0.971923
0.9712763
0.9706227
0.9699631
0.9692936
0.9686219
0.9679474
0.967274
0.9666018
0.9659266
0.96530557
0.9647361
0.96406937
0.96341014
0.96275926
0.96211255
0.9614723
0.96083474
0.96020436
0.9595743
0.9589465
0.95831555
0.95768493
0.9570517
0.95641816
0.9557871
0.9551599
0.95454144
0.9539349
0.9533381
0.9527547
0.95218265
0.9516167
0.9510546
0.95049804
0.9499461
0.94940007
0.9488589
0.94832367
0.94779354
0.947272
0.94675624
0.9462472
0.94574696
0.94525135
0.94476306
0.94428134
0.94380814
0.9433474
0.9428974
0.94246113
0.9420369
0.94162506
0.94122577
0.94084233
0.9404708
0.94011647
0.9397744
0.93944615
0.93912864
0.9388234
0.9385286
0.9382433
0.9379674
0.9377019
0.9374465
0.9372003
0.9369619
0.9367322
0.9365085
0.9362891
0.9360764
0.93586814
0.93566895
0.93547463
0.935286
0.93510437
0.9349293
0.9347617
0.93460274
0.93445325
0.9343157
0.93419003
0.934076
0.93397593
0.9338857
0.9338049
0.93373615
0.93367547
0.933625
0.9335838
0.93355095
0.93352646
0.93350846
0.9334973
0.93349195
0.93349427
0.9335021
0.9335146
0.9335309
0.93355244
0.9335759
0.93360126
0.9336271
0.9336532
0.93367934
0.9337064
0.93373287
0.9337623
0.93378896
0.93381906
0.93384796
0.9338777
0.9339086
0.9339409
0.933971
0.93400043
0.9340315
0.93406034
0.9340875
0.9341168
0.9341477
0.934179
0.9342094
0.93424153
0.9342748
0.93430585
0.93433964
0.93437153
0.9344049
0.9344369
0.9344685
0.93450093
0.93453324
0.93456405
0.9345963
0.9346271
0.9346571
0.93468857
0.9347192
0.9347474
0.9347766
0.934803
0.93483025
0.93485653
0.9348809
0.9349038
0.9349289
0.93495274
0.9349773
0.93500304
0.93502915
0.9350552
0.9350816
0.9351101
0.93513656
0.93516296
0.9351883
0.9352124
0.9352346
0.9352556
0.93527484
0.93529224
0.9353089
0.9353232
0.93533707
0.9353497
0.93536025
0.93537086
0.9353801
0.9353906
0.9353992
0.9354069
0.935415
0.93542224
0.93542933
0.9354352
0.93544185
0.93544745
0.93545353
0.9354589
0.9354657
0.9354732
0.93548036
0.93548745
0.9354966
0.93550366
0.93551093
0.935519
0.9355281
0.93553805
0.9355477
0.9355581
0.9355689
0.9355809
0.93559253
0.9356026
0.93561554
0.9356285
0.9356391
0.93565094
0.9356631
0.93567497
0.9356876
0.9356984
0.9357113
0.9357221
0.9357334
0.9357458
0.935759
0.9357718
0.93578285
0.93579453
0.93580806
0.9358232
0.9358371
0.93585235
0.9358671
0.93588024
0.9358939
0.9359094
0.93592536
0.93594
0.93595517
0.93597
0.93598706
0.9360034
0.9360203
0.93603694
0.9360533
0.93606824
0.93608695
0.9361037
0.93612033
0.9361354
0.9361511
0.93616647
0.9361817
0.93619657
0.93621135
0.93622375
0.93623596
0.9362492
0.9362616
0.9362737
0.9362848
0.93629646
0.93630624
0.9363164
0.9363273
0.9363368
0.9363482
0.9363591
0.9363702
0.9363811
0.9363935
0.9364053
0.9364163
0.9364245
0.9364321
0.93644226
0.9364519
0.9364604
0.9364692
0.9364789
0.93648624
0.9364936
0.9365014
0.9365069
0.9365124
0.9365175
0.93652385
0.93652916
0.9365333
0.9365369
0.936541
0.9365443
0.93654794
0.93655133
0.9365544
0.9365553
0.9365582
0.93655914
0.93656224
0.9365639
0.93656564
0.9365669
0.93656933
0.9365707
0.9365722
0.93657345
0.93657523
0.93657714
0.93658
0.9365827
0.9365842
0.936585
0.9365861
0.93658763
0.93658787
0.9365866
0.93658596
0.9365866
0.9365865
0.93658614
0.9365867
0.936588
0.93658787
0.9365891
0.9365909
0.93659276
0.9365955
0.9365985
0.9366007
0.9366033
0.93660694
0.9366116
0.93661743
0.9366224
0.936626
0.93663
0.9366349
0.9366398
0.9366435
0.93664837
0.9366534
0.93665725
0.93666005
0.9366624
0.9366633
0.9366647
0.9366654
0.93666416
0.9366635
0.9366632
0.936662
0.936658
0.9366549
0.93665135
0.9366474
0.9366454
0.9366391
0.9366353
0.9366308
0.936626
0.9366218
0.936617
0.9366121
0.9366081
0.93660504
0.93660355
0.9366025
