-1.4756913e-23
-7.8949193e-16
7.737021e-14
3.6000833e-13
-1.0200236e-12
-3.1579677e-15
-1.4905607e-12
6.7896307e-13
1.945308e-12
2.0021515e-12
9.094947e-13
6.9096335e-12
-9.347585e-13
-1.4021376e-12
3.890616e-12
2.2737368e-13
-1.0812882e-11
4.673792e-12
-3.5369238e-12
-9.423375e-12
-1.0105497e-13
9.44864e-12
1.2922404e-11
3.9979873e-12
-1.3111882e-11
2.349528e-12
1.5410883e-11
4.2443085e-12
-4.2443085e-12
9.24653e-12
4.9264295e-12
1.4652971e-12
2.6021654e-12
-3.3853415e-12
-1.2429761e-11
1.364242e-12
-5.305386e-12
3.739034e-12
-8.134925e-12
-2.450583e-11
2.5465852e-11
-1.3288728e-11
-3.835036e-11
1.1116046e-12
-1.9048861e-11
-7.983342e-12
-9.196002e-12
-1.0206552e-11
1.707829e-11
3.193337e-11
5.254858e-12
-3.233759e-12
-9.802332e-12
1.9200444e-12
7.781232e-12
6.8717376e-12
7.680178e-12
-8.488617e-12
-6.063298e-12
1.6977234e-11
1.8594114e-11
2.0210994e-13
-3.355025e-11
-2.2232092e-12
-9.297057e-12
4.4464185e-12
7.0738476e-12
2.0817324e-11
-2.2232092e-12
-6.123931e-11
-1.5562465e-11
-1.5663519e-11
3.4358688e-12
4.0421987e-13
1.626985e-11
-1.3996113e-11
-4.3453635e-12
-9.549694e-12
-2.3242643e-12
-1.263187e-12
8.943364e-12
3.941144e-12
1.0054969e-11
1.8745696e-11
1.1014991e-11
1.4652971e-12
-3.3044973e-11
-1.2025541e-11
4.6889506e-11
-1.889728e-11
-1.0105496e-11
-3.1630205e-11
1.6775125e-11
2.1423653e-11
1.2328706e-11
3.1327038e-11
-1.0711826e-11
3.3853413e-11
6.043087e-11
1.13181565e-11
4.496946e-11
-1.3945585e-11
-9.3677954e-11
8.6402e-12
-8.4785116e-11
3.0695446e-11
-1.8189894e-11
6.8970016e-12
7.7420736e-11
4.913798e-11
-4.1230425e-11
2.713326e-11
-2.8143808e-11
1.01964465e-10
-3.3954468e-11
-9.125264e-11
-9.428428e-11
6.184564e-11
8.579567e-11
-2.910383e-11
-4.7697943e-11
3.375236e-11
3.8400887e-11
4.1836756e-11
-5.840977e-11
-5.739922e-11
-2.2939477e-11
-1.2641976e-10
3.5268184e-11
-1.7709884e-10
-8.134925e-11
5.7702385e-11
8.705885e-11
7.205219e-11
6.9727926e-12
-2.5137423e-11
1.540583e-10
1.1621321e-11
-9.3677954e-11
4.557579e-11
-1.0906357e-10
-8.6402e-12
-3.814825e-11
-1.0706774e-10
1.0540033e-10
-4.8051636e-11
8.872626e-11
2.9558578e-11
-1.4703497e-11
-5.0072738e-11
-3.7592447e-11
6.366463e-12
-3.435869e-11
1.2141754e-10
6.2553025e-11
-2.3141588e-11
1.1717323e-10
5.8005552e-11
8.619989e-11
-5.002221e-12
2.5263742e-11
-1.6396168e-10
-3.5773457e-11
1.6108162e-10
5.840977e-11
4.6485284e-11
-1.9503609e-11
3.587451e-11
-1.0706774e-10
-3.991671e-12
-9.852859e-12
-8.690727e-11
-5.1285396e-11
-6.82121e-11
2.7689061e-11
-3.1377567e-11
-2.0514158e-11
-1.8189894e-11
-3.951249e-11
1.7381454e-11
-8.094503e-11
-1.3339256e-11
-7.326485e-12
1.3975902e-10
6.659522e-11
2.3747917e-11
1.707829e-11
-1.0105496e-11
-8.892837e-12
-1.13181565e-11
2.7385896e-11
2.2505953e-09
4.179496e-07
4.2249525e-07
4.2173713e-07
4.1567324e-07
4.0394661e-07
3.8552227e-07
3.5822066e-07
3.2245103e-07
2.8109855e-07
2.373099e-07
1.9644216e-07
1.6194866e-07
1.3519366e-07
1.1577382e-07
1.0250884e-07
9.403306e-08
8.872949e-08
8.586661e-08
8.463374e-08
8.4733784e-08
8.637148e-08
1.8868559e-07
2.627429e-12
4.2392558e-11
3.592504e-11
1.2935036e-11
-1.7886729e-11
-1.327357e-10
5.078012e-11
4.1533593e-11
1.2864297e-10
9.574958e-11
-3.5520822e-11
2.6021654e-11
-3.2893393e-11
-6.386674e-11
-5.4872846e-11
-1.1171627e-10
-1.1065519e-11
-5.6742364e-11
9.600222e-13
-1.2268073e-10
-4.7596888e-11
1.3137146e-11
-8.099556e-11
-1.1777956e-10
7.1041645e-11
7.306274e-11
1.6168795e-12
-2.4758468e-12
-1.6229428e-10
2.9406994e-11
5.2750693e-11
9.372848e-11
5.0426427e-11
-4.8102165e-11
-2.0413103e-11
-3.850194e-11
-7.882288e-12
-4.3453637e-11
-4.6788448e-11
7.018267e-11
-2.5263743e-13
-1.12171016e-10
-3.269128e-11
6.366463e-11
1.2252915e-10
7.4982784e-11
-6.386674e-11
1.0337923e-10
-6.2654076e-11
-1.7634092e-11
-1.4754024e-11
-7.690283e-11
-1.1065519e-11
-4.7900055e-11
8.458301e-11
-5.9470845e-11
4.6485284e-11
1.5249195e-10
-1.7179345e-11
-1.6522488e-10
4.4211548e-11
5.6136033e-11
1.9806774e-11
-5.0527484e-14
-2.1171016e-11
-1.2379233e-11
-1.5309828e-11
1.0105496e-11
-7.8166015e-11
7.937868e-11
-1.347568e-10
-5.563076e-11
3.0821765e-11
-6.366463e-11
-4.2443087e-11
4.2291504e-11
-4.0421985e-11
-7.710494e-11
1.4804553e-11
-3.0821765e-11
-3.7188228e-11
1.7027761e-11
3.6278733e-11
4.5222097e-11
-1.5448121e-08
-9.013037e-08
-8.410494e-08
-7.7958674e-08
-7.194634e-08
-6.5755934e-08
-5.9740536e-08
-5.3916462e-08
-4.8299324e-08
-4.2865242e-08
-3.7812445e-08
-3.2938008e-08
-2.8166218e-08
-2.388371e-08
-2.0258389e-08
-1.7145062e-08
-1.4608834e-08
-1.2448203e-08
-1.0761344e-08
-9.426635e-09
-8.411462e-09
-1.1041872e-08
-3.0910188e-11
4.0826207e-11
5.1967517e-11
-1.4147696e-12
-1.249292e-11
7.8355496e-11
2.2737368e-12
-1.17223765e-11
-1.1962382e-11
2.6387979e-11
-2.3987923e-11
5.0527484e-14
1.2126596e-11
-3.9664074e-11
6.07593e-11
-3.3436563e-11
-4.9908522e-11
2.018573e-11
-2.0210994e-13
2.5112159e-11
-1.6547751e-12
-6.1668795e-11
-6.160564e-11
2.9760687e-11
4.3175734e-11
-4.1066213e-11
-2.2459467e-11
7.185008e-11
-1.5714048e-11
-2.5263743e-13
6.022876e-11
-1.2050805e-11
2.9684897e-11
-3.248917e-11
-3.031649e-13
-3.0745975e-11
-3.3600776e-12
2.410161e-11
3.2842864e-13
1.634564e-11
-3.463659e-11
3.7289283e-11
8.053702e-08
1.772449e-07
1.7692236e-07
1.7666243e-07
1.7658436e-07
1.7653332e-07
1.7658961e-07
1.7668692e-07
1.7703029e-07
1.7729947e-07
1.776682e-07
1.7816676e-07
1.7851328e-07
1.7869509e-07
1.7883278e-07
1.7871633e-07
1.7843179e-07
1.7812305e-07
1.7749332e-07
1.768588e-07
1.7623762e-07
1.7270453e-07
1.7608828e-11
-2.9583842e-11
-2.9558578e-12
-6.500361e-11
5.244753e-11
-2.6324819e-11
-4.618212e-11
2.781538e-11
-1.6168795e-11
-2.6678512e-11
-1.9832037e-11
-3.3701833e-11
-2.986174e-11
-5.3053856e-11
8.059133e-12
6.088562e-12
-1.3692948e-11
1.9200443e-11
-7.781232e-12
-3.1453357e-11
-1.5132982e-11
1.7169619e-08
-1.1262662e-07
-1.15233334e-07
-1.17809776e-07
-1.2035929e-07
-1.226829e-07
-1.2501056e-07
-1.2700262e-07
-1.2858358e-07
-1.2979457e-07
-1.3064894e-07
-1.31054e-07
-1.3107193e-07
-1.3089769e-07
-1.3037321e-07
-1.2959877e-07
-1.2845936e-07
-1.271686e-07
-1.255765e-07
-1.2369999e-07
-1.216507e-07
-8.128763e-08
-4.3099944e-11
-1.263187e-12
4.562632e-11
4.3655746e-11
-3.789561e-12
-5.482232e-11
-1.4172959e-11
1.5183509e-11
6.965214e-11
4.5929482e-11
-3.180705e-11
-3.2969183e-11
5.9167685e-11
2.349528e-12
2.4303719e-11
3.579872e-11
2.2029982e-11
-8.918101e-12
5.281385e-11
4.3794697e-11
-3.5734527e-07
1.5757505e-06
1.8036278e-06
1.7415114e-06
1.3913258e-06
1.9780346e-06
2.0373982e-06
2.3110804e-06
2.8195168e-06
3.342108e-06
2.960217e-06
2.072713e-06
2.3562513e-06
2.5251336e-06
2.2648064e-06
2.39594e-06
2.83287e-06
5.7609327e-07
1.7095822e-08
1.8931618e-06
4.4061917e-06
2.3407981e-06
3.7030338e-07
2.871525e-07
2.8363476e-07
2.7974568e-07
2.752487e-07
2.7035642e-07
2.6502417e-07
2.5922685e-07
2.5309802e-07
2.466613e-07
2.3980283e-07
2.3268227e-07
2.2524601e-07
2.1773081e-07
2.098634e-07
2.0188766e-07
1.9369415e-07
1.8539755e-07
1.7689948e-07
1.6834731e-07
1.597798e-07
9.081102e-09
2.1726817e-12
6.7201552e-12
-3.3272347e-11
-1.8947806e-12
-2.2560521e-11
1.4728762e-11
1.7431981e-12
-5.406441e-12
2.1625764e-11
1.667407e-12
2.046363e-12
1.01560245e-11
1.1873958e-11
1.8594114e-11
-1.364242e-12
-4.4590503e-12
7.0738476e-12
5.7601333e-12
-6.5938366e-12
1.758988e-12
0.0
