-3.10054e-20
0.0025170243
0.0059505873
0.010184262
0.015008588
0.020173183
0.025442414
0.030630525
0.035612155
0.04031731
0.044719502
0.04882337
0.052652314
0.056239452
0.059621256
0.06283415
0.065911025
0.06887916
0.071757875
0.07456014
0.07729328
0.079962775
0.08257388
0.08513334
0.087646075
0.09011551
0.09254446
0.09493605
0.09729334
0.0996187
0.10191423
0.10418394
0.10643443
0.10867235
0.11090256
0.11312767
0.115347706
0.117561616
0.11976605
0.12195733
0.12413319
0.12629248
0.12843738
0.13056956
0.13269135
0.1348053
0.13691306
0.13901842
0.1411246
0.14323522
0.14535242
0.14747417
0.1495987
0.15172929
0.15386924
0.15602142
0.1581838
0.16035418
0.16252965
0.16471133
0.16690081
0.16909954
0.17130727
0.1735233
0.1757466
0.17797384
0.18020242
0.1824298
0.18465762
0.18688649
0.18911792
0.1913523
0.19359106
0.19583951
0.19810048
0.2003762
0.20266283
0.2049533
0.2072437
0.20953578
0.21182889
0.214122
0.21641278
0.21869928
0.22098325
0.22326834
0.22555749
0.22784683
0.23013245
0.23241319
0.2346874
0.23695172
0.23920459
0.24144703
0.24368018
0.24590304
0.24811302
0.25031137
0.2524976
0.25466627
0.25681698
0.25895345
0.26107165
0.26317203
0.26525566
0.26732346
0.269379
0.27141848
0.2734356
0.27542436
0.27738082
0.27930647
0.2812022
0.2830733
0.28492627
0.28676188
0.28857782
0.29037598
0.29215387
0.29390803
0.29563555
0.29733407
0.29900247
0.3006404
0.30224597
0.3038172
0.30535355
0.30685547
0.30832398
0.30976117
0.31116965
0.31255683
0.31392732
0.3152769
0.31660318
0.31790698
0.3191908
0.32045636
0.3217
0.3229216
0.32411653
0.32528475
0.32642788
0.32754952
0.32864928
0.32972163
0.33076027
0.33176404
0.3327359
0.33367756
0.33459204
0.33548194
0.33634666
0.33718407
0.33799297
0.33877528
0.33953118
0.34026372
0.34097564
0.34166914
0.34234628
0.3430053
0.343645
0.34426567
0.3448683
0.3454548
0.34602776
0.3465854
0.34712565
0.3476451
0.3481456
0.3486272
0.34908956
0.34953246
0.34995952
0.35037133
0.3507675
0.35114914
0.3515191
0.35187784
0.35222474
0.3525583
0.35287786
0.35318676
0.35348102
0.3537585
0.3540199
0.354267
0.35450622
0.35474047
0.35497096
0.35519335
0.35540596
0.3556057
0.3557951
0.35597497
0.35614556
0.3563049
0.35645244
0.35658985
0.35671818
0.35683668
0.35694507
0.3570415
0.3571279
0.35720512
0.35727614
0.3573454
0.35741258
0.35747743
0.3575365
0.35759097
0.3576412
0.357691
0.35773933
0.3577875
0.35783276
0.35786936
0.3578964
0.35791355
0.35792285
0.35792473
0.3579216
0.3579147
0.3579051
0.35789302
0.35787874
0.35786012
0.35783765
0.35781038
0.35777858
0.35773888
0.35769367
0.35764143
0.35758337
0.35751736
0.357447
0.35737348
0.3572965
0.35721758
0.35713616
0.35705328
0.356968
0.35687995
0.35678786
0.35669193
0.35659155
0.35648853
0.35638368
0.35627732
0.35616982
0.35605994
0.3559496
0.35583866
0.35572731
0.35561672
0.35550606
0.35539553
0.35528687
0.35518068
0.3550769
0.35497844
0.35488454
0.35479477
0.354709
0.35462555
0.35454452
0.35446608
0.3543892
0.35431638
0.35424557
0.35417873
0.35411373
0.3540515
0.3539922
0.35393336
0.35387504
0.35381663
0.3537589
0.35370088
0.35364354
0.3535864
0.35352933
0.35347208
0.35341603
0.35336006
0.35330665
0.35325444
0.35320568
0.353159
0.35311365
0.35307086
0.35302997
0.35299113
0.3529544
0.35292035
0.35288784
0.35285753
0.35282937
0.35280252
0.35277727
0.35275376
0.3527311
0.35270998
0.35268915
0.3526691
0.35265028
0.35263097
0.35261223
0.35259452
0.3525766
0.35255852
0.35254034
0.35252127
0.352502
0.35248232
0.3524629
0.35244223
0.35242262
0.3524023
0.3523823
0.35236308
0.35234317
0.35232356
0.3523043
0.35228553
0.3522655
0.35224643
0.3522281
0.35220876
0.35218966
0.35217074
0.3521515
0.35213274
0.35211343
0.35209376
0.35207474
0.3520553
0.35203514
0.35201553
0.3519958
0.35197547
0.3519553
0.351936
0.35191596
0.351896
0.35187596
0.3518555
0.351835
0.35181424
0.35179365
0.35177222
0.3517505
0.35172844
0.3517068
0.351685
0.35166234
0.3516413
0.35161942
0.35159838
0.3515772
0.3515569
0.35153657
0.35151684
0.351498
0.3514788
0.35146102
0.35144213
0.3514246
0.35140747
0.35138968
0.3513725
0.35135496
0.3513374
0.35131997
0.35130155
0.35128364
0.351265
0.35124654
0.35122743
0.35120848
0.35118905
0.3511694
0.35114992
0.3511299
0.35110945
0.35109004
0.35106963
0.35104945
0.35102907
0.35100874
0.350989
0.35096842
0.35094893
0.35092866
0.35090888
0.35088837
0.35086834
0.35084835
0.35082877
0.35080904
0.35078976
0.3507706
0.35075194
0.35073376
0.35071486
0.3506979
0.35068062
0.35066375
0.3506472
0.35063156
0.35061538
0.35059968
0.35058424
0.35056883
0.35055357
0.35053766
0.35052228
0.35050696
0.35049188
0.35047665
0.35046133
0.3504472
0.35043266
0.35041878
0.35040438
0.3503909
0.35037744
0.35036406
0.35035202
0.35033977
0.35032785
0.35031718
0.35030627
0.35029653
0.35028705
0.35027823
0.35026973
0.3502621
0.35025397
0.35024753
0.35024107
0.35023618
0.35023144
0.35022703
0.35022417
0.35022107
0.35021856
0.35021675
0.35021567
0.3502145
0.35021377
0.3502139
0.3502131
0.35021254
0.35021234
0.35021228
0.35021228
0.35021245
0.35021317
0.35021427
0.35021532
0.35021698
0.35021964
0.35022202
0.35022572
0.35022968
0.3502338
0.35023847
0.35024345
0.35024887
0.35025415
0.35025957
0.350264
0.3502695
0.35027432
0.3502788
0.350283
0.35028616
0.35028955
0.35029176
0.35029384
0.35029492
0.3502951
0.35029483
0.35029373
0.35029128
0.3502897
0.35028645
0.3502819
0.35027832
0.35027355
0.35026842
0.35026324
0.350257
0.35025135
0.3502446
0.35023838
0.35023195
0.35022506
0.3502186
0.35021126
0.35020494
0.3501977
0.35019085
0.35018492
0.35017782
0.35017207
0.350168
0.35016394
0.35016158
0.35016048
