0.000000000000000000e+00
9.983233706943595021e-01
2.034375161131612764e+00
3.108153963846380208e+00
4.219657406628315677e+00
5.368882152805232622e+00
6.555823901630272843e+00
7.780477388765485891e+00
9.042836386865941378e+00
1.034289370626598270e+01
1.168064119575933013e+01
1.305606974348802396e+01
1.446916927792169005e+01
1.591992876894086884e+01
1.740833622902057698e+01
1.893437871450609578e+01
2.049804232699666073e+01
2.209931221482075614e+01
2.373817257461130481e+01
2.541460665298078681e+01
2.712859674828953160e+01
2.888012421251809414e+01
3.066916945322833854e+01
3.249571193562765359e+01
3.435973018472760998e+01
3.626120178759330059e+01
3.820010339569990521e+01
4.017641072736873298e+01
4.219009857031213784e+01
4.424114078426236318e+01
4.632951030370088574e+01
4.845517914067276877e+01
5.061811838770429972e+01
5.281829822080440096e+01
5.505568790255814804e+01
5.733025578531517397e+01
5.964196931446615224e+01
6.199079503180959705e+01
6.437669857900390014e+01
6.679964470111669073e+01
6.925959725025244040e+01
7.175651918927260908e+01
7.429037259560328721e+01
7.686111866512344193e+01
7.946871771614537749e+01
8.211312919347241746e+01
8.479431167254783475e+01
8.751222286367865877e+01
9.026681961634852769e+01
9.305805792361263684e+01
9.588589292656315877e+01
9.875027891889051546e+01
1.016511693515106032e+02
1.045885168372753924e+02
1.075622731557646574e+02
1.105723892581499967e+02
1.136188152721331051e+02
1.167015005069691256e+02
1.198203934585503418e+02
1.229754418145796961e+02
1.261665924597973998e+02
1.293937914813031682e+02
1.326569841739261904e+02
1.359561150456817415e+02
1.392911278232915606e+02
1.426619654577692131e+02
1.460685701300807864e+02
1.495108832568658386e+02
1.529888454962273272e+02
1.565023967535861118e+02
1.600514761875983254e+02
1.636360222161397076e+02
1.672559725223489977e+02
1.709112640607317815e+02
1.746018330633301900e+02
1.783276150459489315e+02
1.820885448144379382e+02
1.858845564710396445e+02
1.897155834207873681e+02
1.935815583779660756e+02
1.974824133726194759e+02
2.014180797571235360e+02
2.053884882128029972e+02
2.093935687566116428e+02
2.134332507478525827e+02
2.175074628949609234e+02
2.216161332623304077e+02
2.257591892771936273e+02
2.299365577365464901e+02
2.341481648141272842e+02
2.383939360674388865e+02
2.426737964448164746e+02
2.469876702925455447e+02
2.513354813620221933e+02
2.557171528169582189e+02
2.601326072406308754e+02
2.645817666431747170e+02
2.690645524689156218e+02
2.735808856037494934e+02
2.781306863825566893e+02
2.827138745966621514e+02
2.873303695013314609e+02
2.919800898233104931e+02
2.966629537683971876e+02
3.013788790290607267e+02
3.061277827920880554e+02
3.109095817462747391e+02
3.157241920901506091e+02
3.205715295397405384e+02
3.254515093363637561e+02
3.303640462544597085e+02
3.353090546094652495e+02
3.402864482657091685e+02
3.452961406443533292e+02
3.503380447313583090e+02
3.554120730854917838e+02
3.605181378463652777e+02
3.656561507425030300e+02
3.708260230994470135e+02
3.760276658478954914e+02
3.812609895318700524e+02
3.865259043169207303e+02
3.918223199983600580e+02
3.971501460095310563e+02
4.025092914301101246e+02
4.078996649944371597e+02
4.133211750998880802e+02
4.187737298152700873e+02
4.242572368892579675e+02
4.297716037588608629e+02
4.353167375579237159e+02
4.408925451256617407e+02
4.464989330152337175e+02
4.521358075023456990e+02
4.578030745938917221e+02
4.635006400366323192e+02
4.692284093259105475e+02
4.749862877144021809e+02
4.807741802209064872e+02
4.865919916391748075e+02
4.924396265467826197e+02
4.983169893140342310e+02
5.042239841129201068e+02
5.101605149261081920e+02
5.161264855559818443e+02
5.221217996337264822e+02
5.281463606284523848e+02
5.342000718563804185e+02
5.402828364900586848e+02
5.463945575676476665e+02
5.525351380022399326e+02
5.587044805912483980e+02
5.649024880258390340e+02
5.711290629004241737e+02
5.773841077222182321e+02
5.836675249208469722e+02
5.899792168580250973e+02
5.963190858372959156e+02
6.026870341138396725e+02
6.090829639043496400e+02
6.155067773969811924e+02
6.219583767613742111e+02
6.284376641587534777e+02
6.349445417521080799e+02
6.414789117164521031e+02
6.480406762491721793e+02
6.546297375804649619e+02
6.612459979838615709e+02
6.678893597868502638e+02
6.745597253815981276e+02
6.812569972357724737e+02
6.879810779034675079e+02
6.947318700362443451e+02
7.015092763942775491e+02
7.083131998576266142e+02
7.151435434376222702e+02
7.220002102883844373e+02
7.288831037184676234e+02
7.357921272026417228e+02
7.427271843938137863e+02
7.496881791350953108e+02
7.566750154720175487e+02
7.636875976649068889e+02
7.707258302014168976e+02
7.777896178092296395e+02
7.848788654689305986e+02
7.919934784270618593e+02
7.991333622093595750e+02
8.062984226341861813e+02
8.134885658261557637e+02
8.207036982299744068e+02
8.279437266244835882e+02
8.352085581369282181e+02
8.424981002574544391e+02
8.498122608538386658e+02
8.571509481864641202e+02
8.645140709235455461e+02
8.719015381566192673e+02
8.793132594163022304e+02
8.867491446883250319e+02
8.942091044298592806e+02
9.016930495861395229e+02
9.092008916073953060e+02
9.167325424660999715e+02
9.242879146745502794e+02
9.318669213027827709e+02
9.394694759968461995e+02
9.470954929974345760e+02
9.547448871588948123e+02
9.624175739686208999e+02
9.701134695668530412e+02
9.778324907668820742e+02
9.855745550756884086e+02
9.933395807150158134e+02
1.001127486642903023e+03
1.008938192575683615e+03
1.016771619010471454e+03
1.024627687248142138e+03
1.032506319416841052e+03
1.040407438496009718e+03
1.048330968340969775e+03
1.056276833708079039e+03
1.064244960280460873e+03
1.072235274694342024e+03
1.080247704566018683e+03
1.088282178519451463e+03
1.096338626214536362e+03
1.104416978376048746e+03
1.112517166823291745e+03
1.120639124500474736e+03
1.128782785507836707e+03
1.136948085133539735e+03
1.145134959886358956e+03
1.153343347529189941e+03
1.161573187113400763e+03
1.169824419014053547e+03
1.178096984966020273e+03
1.186390828101028092e+03
1.194705892985640958e+03
1.203042125660241936e+03
1.211399473679003677e+03
1.219777886150912082e+03
1.228177313781851581e+03
1.236597708917799309e+03
1.245039025589145695e+03
1.253501219556193291e+03
1.261984248355843420e+03
1.270488071349539496e+03
1.279012649772466375e+03
1.287557946784071873e+03
1.296123927519935023e+03
1.304710559145017214e+03
1.313317810908353749e+03
1.321945654199203318e+03
1.330594062604715191e+03
1.339263011969149829e+03
1.347952480454703391e+03
1.356662448603968414e+03
1.365392899404095488e+03
1.374143818352685912e+03
1.382915193525482437e+03
1.391707015645887395e+03
1.400519278156376004e+03
1.409351977291855974e+03
1.418205112155010283e+03
1.427078684793706771e+03
1.435972700280496838e+03
1.444887166794300811e+03
1.453822095704291542e+03
1.462777501656083359e+03
1.471753402660252277e+03
1.480749820183271368e+03
1.489766779240917913e+03
1.498804308494207817e+03
1.507862440347957317e+03
1.516941211051992241e+03
1.526040660805117795e+03
1.535160833861897345e+03
1.544301778642313366e+03
1.553463547844398363e+03
1.562646198559892127e+03
1.571849792393019925e+03
1.581074395582453008e+03
1.590320079126552173e+03
1.599586918911946896e+03
1.608874995845564854e+03
1.618184395990163921e+03
1.627515210703476214e+03
1.636867536781034005e+03
1.646241476602780949e+03
1.655637138283535478e+03
1.665054635827414586e+03
1.674494089286306462e+03
1.683955624922475181e+03
1.693439375375392274e+03
1.702945479832903629e+03
1.712474084206801763e+03
1.722025341312928049e+03
1.731599411055864493e+03
1.741196460618359879e+03
1.750816664655533032e+03
1.760460205494005322e+03
1.770127273336008102e+03
1.779818066468613097e+03
1.789532791478142371e+03
1.799271663469883151e+03
1.809034906293185486e+03
1.818822752772062131e+03
1.828635444941365449e+03
1.838473234288642516e+03
1.848336382001774155e+03
1.858225159222476350e+03
1.868139847305757939e+03
1.878080738085431904e+03
1.888048134145753693e+03
1.898042349099285957e+03
1.908063707871054021e+03
1.918112546989085104e+03
1.928189214881391081e+03
1.938294072179485283e+03
1.948427492028466531e+03
1.958589860403774310e+03
1.968781576434619410e+03
1.979003052734190533e+03
1.989254715736632079e+03
1.999537006040870438e+03
2.009850378761279444e+03
2.020195303885235262e+03
2.030572266637540679e+03
2.040981767851756103e+03
2.051424324348387017e+03
2.061900469319936747e+03
2.072410752722778852e+03
2.082955741675802528e+03
2.093536020865769842e+03
2.104152192959324566e+03
2.114804879021534362e+03
2.125494718940887196e+03
2.136222371860597832e+03
2.146988516616090692e+03
2.157793852178488123e+03
2.168639098103926244e+03
2.179524994988479193e+03
2.190452304928478952e+03
2.201421811985947897e+03
2.212434322658891233e+03
2.223490666356111433e+03
2.234591695876225458e+03
2.245738287890498214e+03
2.256931343429105709e+03
2.268171788370370450e+03
2.279460573932530224e+03
2.290798677167481856e+03
2.302187101456015625e+03
2.313626877003887785e+03
2.325119061338167739e+03
2.336664739803117754e+03
2.348265026054960344e+03
2.359921062554703894e+03
2.371634021058267535e+03
2.383405103102992598e+03
2.395235540489685718e+03
2.407126595759156771e+03
2.419079562662296212e+03
2.431095766622567680e+03
2.443176565189796747e+03
2.455323348484071630e+03
2.467537539628477589e+03
2.479820595169369426e+03
2.492174005482799657e+03
2.504599295165649437e+03
2.517098023409987945e+03
2.529671784359046796e+03
2.542322207443231946e+03
2.555050957694420958e+03
2.567859736036839422e+03
2.580750279552638858e+03
2.593724361720341676e+03
2.606783792624158650e+03
2.619930419132204861e+03
2.633166125041525902e+03
2.646492831187820229e+03
2.659912495517684420e+03
2.673427113121138973e+03
2.687038716222178209e+03
2.700749374125018676e+03
2.714561193113689569e+03
2.728476316302581836e+03
2.742496923435525787e+03
2.756625230630993428e+03
2.770863490070919397e+03
2.785213989630751257e+03
2.799679052448194398e+03
2.814261036428284115e+03
2.828962333682281951e+03
2.843785369898064801e+03
2.858732603639597528e+03
2.873806525573220370e+03
2.889009657618486017e+03
2.904344552021404979e+03
2.919813790348000111e+03
2.935419982396223531e+03
2.951165765024373741e+03
2.967053800894301730e+03
2.983086777127833557e+03
2.999267403875015589e+03
3.015598412792954150e+03
3.032082555434238202e+03
3.048722601544115605e+03
3.065521337265888178e+03
3.082481563254137654e+03
3.099606092695787538e+03
3.116897749239155473e+03
3.134359364831558651e+03
3.151993777466268511e+03
3.169803828839983908e+03
3.187792361922316104e+03
3.205962218439119624e+03
3.224316236271909929e+03
3.242857246775938165e+03
3.261588072019889296e+03
3.280511521950616952e+03
3.299630391486618919e+03
3.318947457544490135e+03
3.338465476002856576e+03
3.358187178608841350e+03
3.378115269832371723e+03
3.398252423674145575e+03
3.418601280433409556e+03
3.439164443442065931e+03
3.459944475772034821e+03
3.480943896923105967e+03
3.502165179498854286e+03
3.523610745878519083e+03
3.545282964892986001e+03
3.567184148513325454e+03
3.589316548560480442e+03
3.611682353445011813e+03
3.634283684945811729e+03
3.657122595036977145e+03
3.680201062771951456e+03
3.703520991234248868e+03
3.727084204563909680e+03
3.750892445068911911e+03
3.774947370430594219e+03
3.799250551012032702e+03
3.823803467278119570e+03
3.848607507335872015e+03
3.873663964603170825e+03
3.898974035613875003e+03
3.924538817966804345e+03
3.950359308425743620e+03
3.976436401177094922e+03
4.002770886251367301e+03
4.029363448114102084e+03
4.056214664431348410e+03
4.083325005014045473e+03
4.110694830945300055e+03
4.138324393893583874e+03
4.166213835614472373e+03
4.194363187642714365e+03
4.222772371175762601e+03
4.251441197149196341e+03
4.280369366503748097e+03
4.309556470642961358e+03
4.339001992079776755e+03
4.368705305269665587e+03
4.398665677627300283e+03
4.428882270722996509e+03
4.459354141654664090e+03
4.490080244590236362e+03
4.521059432475175527e+03
4.552290458898867655e+03
4.583771980113471727e+03
4.615502557198105023e+03
4.647480658360950656e+03
4.679704661371467409e+03
4.712172856114489150e+03
4.744883447257802800e+03
4.777834557024470996e+03
4.811024228060989117e+03
4.844450426392262671e+03
4.878111044454181865e+03
4.912003904194661118e+03
4.946126760233818459e+03
4.980477303074176234e+03
5.015053162351694482e+03
5.049851910118652995e+03
5.084871064149478116e+03
5.120108091260874971e+03
5.155560410637747736e+03
5.191225397156726103e+03
5.227100384699334427e+03
5.263182669447171065e+03
5.299469513151790125e+03
5.335958146372284318e+03
5.372645771673993295e+03
5.409529566782085567e+03
5.446606687684119606e+03
5.483874271676227181e+03
5.521329440347732998e+03
5.558969302499675905e+03
5.596790956992871543e+03
5.634791495521760226e+03
5.672968005310530316e+03
5.711317571728483017e+03
5.749837280821980130e+03
5.788524221760669207e+03
5.827375489196061608e+03
5.866388185530918236e+03
5.905559423098205116e+03
5.944886326248728437e+03
