0.000000000000000000e+00
1.150242144495674967e+00
2.343953989999467247e+00
3.581133914866481582e+00
4.861779185897842304e+00
6.185885958666897722e+00
7.553449277965314401e+00
8.964463078360234149e+00
1.041892018486727878e+01
1.191681231374123939e+01
1.345813007337488187e+01
1.504286296532315959e+01
1.667099938543151083e+01
1.834252662508404441e+01
2.005743087256718482e+01
2.181569721453963240e+01
2.361730963762658675e+01
2.546225103011956392e+01
2.735050318379128598e+01
2.928204679582568914e+01
3.125686147085533051e+01
3.327492572311867036e+01
3.533621697871961231e+01
3.744071157800577510e+01
3.958838477805572609e+01
4.177921075527054739e+01
4.401316260808901859e+01
4.629021235979440974e+01
4.861033096144659282e+01
5.097348829491097888e+01
5.337965317600319537e+01
5.582879335773166218e+01
5.832087553365930432e+01
6.085586534136159287e+01
6.343372736599090445e+01
6.605442514395008402e+01
6.871792116666752293e+01
7.142417688447628166e+01
7.417315271059145232e+01
7.696480802519965891e+01
7.979910117963868288e+01
8.267598950068367003e+01
8.559542929493422037e+01
8.855737585329440265e+01
9.156178345555879616e+01
9.460860537508777668e+01
9.769779388358772110e+01
1.008293002559775857e+02
1.040030747753580869e+02
1.072190667380754263e+02
1.104772244588662460e+02
1.137774952761129867e+02
1.171198255571752611e+02
1.205041607038173055e+02
1.239304451577288404e+02
1.273986224061293484e+02
1.309086349874577024e+02
1.344604244971600622e+02
1.380539315935471336e+02
1.416890960037548837e+02
1.453658565297665746e+02
1.490841510545449466e+02
1.528439165482193118e+02
1.566450890743724642e+02
1.604876037964011459e+02
1.643713949839514896e+02
1.682963960194409196e+02
1.722625394046497718e+02
1.762697567673923515e+02
1.803179788682622302e+02
1.844071356074502432e+02
1.885371560316392276e+02
1.927079683409673123e+02
1.969194998960605290e+02
2.011716772251413090e+02
2.054644260312020378e+02
2.097976711992436947e+02
2.141713368035891847e+02
2.185853461152550210e+02
2.230396216093956809e+02
2.275340849728007129e+02
2.320686571114684114e+02
2.366432581582295427e+02
2.412578074804438302e+02
2.459122236877431931e+02
2.506064246398462956e+02
2.553403274544241697e+02
2.601138485150274278e+02
2.649269034790644355e+02
2.697794072858422965e+02
2.746712741646578593e+02
2.796024176429407362e+02
2.845727505544546716e+02
2.895821850475472843e+02
2.946306325934518782e+02
2.997180039946399006e+02
3.048442093932230250e+02
3.100091582794027545e+02
3.152127594999722646e+02
3.204549212668587757e+02
3.257355511657194143e+02
3.310545561645775479e+02
3.364118426225098801e+02
3.418073162983707221e+02
3.472408823595699801e+02
3.527124453908841133e+02
3.582219094033165447e+02
3.637691778429996248e+02
3.693541536001358736e+02
3.749767390179843005e+02
3.806368359018775323e+02
3.863343455282968648e+02
3.920691686539693137e+02
3.978412055250157664e+02
4.036503558861302281e+02
4.094965189898057361e+02
4.153795936055947777e+02
4.212994780294056341e+02
4.272560700928411279e+02
4.332492671725752871e+02
4.392789661997633175e+02
4.453450636694956302e+02
4.514474556502844393e+02
4.575860377935901511e+02
4.637607053433877127e+02
4.699713531457645672e+02
4.762178756585666974e+02
4.825001669610720683e+02
4.888181207637102830e+02
4.951716304178179939e+02
5.015605889254338763e+02
5.079848889491319710e+02
5.144444228218997068e+02
5.209390825570504830e+02
5.274687598581796237e+02
5.340333461291633057e+02
5.406327324842012558e+02
5.472668097578981588e+02
5.539354685153922446e+02
5.606385990625275326e+02
5.673760914560756419e+02
5.741478355139960286e+02
5.809537208257557950e+02
5.877936367626898573e+02
5.946674724884139778e+02
6.015751169692935036e+02
6.085164589849559889e+02
6.154913871388730513e+02
6.224997898689806561e+02
6.295415554583765925e+02
6.366165720460591047e+02
6.437247276377427170e+02
6.508659101167276049e+02
6.580400072548366097e+02
6.652469067234253544e+02
6.724864961044540905e+02
6.797586629016375355e+02
6.870632945516670134e+02
6.944002784355109270e+02
7.017695018897942418e+02
7.091708522182609613e+02
7.166042167033224359e+02
7.240694826176941206e+02
7.315665372361245318e+02
7.390952678472165189e+02
7.466555617653506260e+02
7.542473063427096349e+02
7.618703889814057675e+02
7.695246971457187328e+02
7.772101183744500759e+02
7.849265402933900759e+02
7.926738506279082230e+02
8.004519372156728423e+02
8.082606880194937276e+02
8.160999911403089300e+02
8.239697348303038780e+02
8.318698075061820418e+02
8.398000977625822543e+02
8.477604943856523505e+02
8.557508863667853802e+02
8.637711629165228260e+02
8.718212134786289198e+02
8.799009277443492465e+02
8.880101956668498815e+02
8.961489074758515017e+02
9.043169536924635850e+02
9.125142251442234738e+02
9.207406129803491694e+02
9.289960086872144984e+02
9.372803041040490371e+02
9.455933914388834864e+02
9.539351632847311748e+02
9.623055126360260374e+02
9.707043329053278740e+02
9.791315179402923832e+02
9.875869620409260961e+02
9.960705599771285961e+02
1.004582207006539534e+03
1.013121798892696006e+03
1.021689231923504963e+03
1.030284402930055194e+03
1.038907209305769356e+03
1.047557549025912067e+03
1.056235320667462929e+03
1.064940423429373141e+03
1.073672757153206248e+03
1.082432222344192496e+03
1.091218720192696310e+03
1.100032152596117839e+03
1.108872422181237198e+03
1.117739432327026407e+03
1.126633087187929277e+03
1.135553291717641059e+03
1.144499951693387857e+03
1.153472973740736052e+03
1.162472265358939921e+03
1.171497734946847459e+03
1.180549291829380991e+03
1.189626846284621024e+03
1.198730309571489443e+03
1.207859593958073901e+03
1.217014612750612969e+03
1.226195280323139741e+03
1.235401512147828953e+03
1.244633224826065089e+03
1.253890336120237635e+03
1.263172764986313723e+03
1.272480431607186574e+03
1.281813257426836117e+03
1.291171165185329755e+03
1.300554078954681472e+03
1.309961924175599961e+03
1.319394627695152622e+03
1.328852117805370881e+03
1.338334324282831403e+03
1.347841178429235470e+03
1.357372613113023135e+03
1.366928562812054224e+03
1.376508963657368895e+03
1.386113753478104854e+03
1.395742871847547576e+03
1.405396260130398559e+03
1.415073861531263901e+03
1.424775621144420938e+03
1.434501486004885237e+03
1.444251405140831366e+03
1.454025329627384735e+03
1.463823212641860664e+03
1.473645009520450458e+03
1.483490677816430662e+03
1.493360177359925046e+03
1.503253470319259122e+03
1.513170521263972660e+03
1.523111297229516822e+03
1.533075767783693436e+03
1.543063905094890060e+03
1.553075684002158368e+03
1.563111082087180876e+03
1.573170079748196940e+03
1.583252660275920562e+03
1.593358809931534097e+03
1.603488518026783140e+03
1.613641777006259190e+03
1.623818582531921038e+03
1.634018933569903083e+03
1.644242832479705839e+03
1.654490285105789781e+03
1.664761300871694402e+03
1.675055892876683629e+03
1.685374077995052403e+03
1.695715876978116739e+03
1.706081314558986605e+03
1.716470419560188020e+03
1.726883225004195992e+03
1.737319768226994256e+03
1.747780090994686589e+03
1.758264239623287722e+03
1.768772265101751373e+03
1.779304223218317475e+03
1.789860174690285021e+03
1.800440185297267135e+03
1.811044326018044785e+03
1.821672673171087354e+03
1.832325308558853521e+03
1.843002319615938859e+03
1.853703799561194273e+03
1.864429847553884429e+03
1.875180568854005060e+03
1.885956074986843532e+03
1.896756483911899750e+03
1.907581920196247438e+03
1.918432515192456094e+03
1.929308407221179095e+03
1.940209741758503924e+03
1.951136671628169552e+03
1.962089357198780135e+03
1.973067966586097782e+03
1.984072675860547406e+03
1.995103669260017796e+03
2.006161139408110330e+03
2.017245287537896729e+03
2.028356323721354102e+03
2.039494467104531168e+03
2.050659946148619383e+03
2.061852998876990114e+03
2.073073873128343621e+03
2.084322826816061479e+03
2.095600128193897490e+03
2.106906056128094860e+03
2.118240900376044465e+03
2.129604961871609248e+03
2.140998553017201175e+03
2.152421997982721223e+03
2.163875633011476111e+03
2.175359806733150890e+03
2.186874880483960169e+03
2.198421228634040745e+03
2.209999238922206587e+03
2.221609312798124392e+03
2.233251865772015663e+03
2.244927327771928958e+03
2.256636143508696478e+03
2.268378772848583139e+03
2.280155691193741404e+03
2.291967389870467287e+03
2.303814376525350781e+03
2.315697175529300239e+03
2.327616328389510272e+03
2.339572394169340441e+03
2.351565949916153841e+03
2.363597591097054647e+03
2.375667932042535995e+03
2.387777606397984528e+03
2.399927267582989771e+03
2.412117589258386943e+03
2.424349265800960893e+03
2.436623012785681112e+03
2.448939567475370040e+03
2.461299689317645061e+03
2.473704160448974108e+03
2.486153786205649340e+03
2.498649395641480623e+03
2.511191842051943695e+03
2.523782003504551540e+03
2.536420783375113842e+03
2.549109110889592102e+03
2.561847941671171611e+03
2.574638258292172850e+03
2.587481070830356657e+03
2.600377417429187062e+03
2.613328364861513819e+03
2.626335009096176236e+03
2.639398475866881199e+03
2.652519921242800592e+03
2.665700532200131875e+03
2.678941527193975617e+03
2.692244156729679162e+03
2.705609703932889261e+03
2.719039485117375989e+03
2.732534850349742555e+03
2.746097184009969624e+03
2.759727905346811895e+03
2.773428469026854600e+03
2.787200365676123965e+03
2.801045122412958335e+03
2.814964303370852576e+03
2.828959510209908785e+03
2.843032382615419920e+03
2.857184598782099783e+03
2.871417875882355929e+03
2.885733970516943828e+03
2.900134679146290637e+03
2.914621838500640933e+03
2.929197325967202232e+03
2.943863059952267577e+03
2.958621000216358425e+03
2.973473148180214594e+03
2.988421547199524412e+03
3.003468282806095885e+03
3.018615482913192409e+03
3.033865317982627403e+03
3.049220001151184533e+03
3.064681788313853758e+03
3.080252978161312512e+03
3.095935912169031326e+03
3.111732974535347694e+03
3.127646592065772893e+03
3.143679234000800989e+03
3.159833411784410146e+03
3.176111678770492290e+03
3.192516629864320294e+03
3.209050901096300095e+03
3.225717169125093733e+03
3.242518150667370719e+03
3.259456601851325104e+03
3.276535317491248406e+03
3.293757130280405818e+03
3.311124909899579961e+03
3.328641562038690608e+03
3.346310027329009699e+03
3.364133280183565603e+03
3.382114327543475156e+03
3.400256207528082996e+03
3.418561987986912754e+03
3.437034764951634315e+03
3.455677660986430965e+03
3.474493823435360355e+03
3.493486422565535577e+03
3.512658649605176834e+03
3.532013714675914343e+03
3.551554844618897732e+03
3.571285280714711917e+03
3.591208276297288194e+03
3.611327094262448099e+03
3.631645004472004985e+03
3.652165281054763909e+03
3.672891199606146529e+03
3.693826034288551000e+03
3.714973054835026232e+03
3.736335523459232718e+03
3.757916691675089623e+03
3.779719797030058544e+03
3.801748059756321709e+03
3.824004679344738179e+03
3.846492831046769425e+03
3.869215662310186872e+03
3.892176289154689130e+03
3.915377792494124151e+03
3.938823214412406742e+03
3.962515554400641122e+03
3.986457765563431167e+03
4.010652750802708852e+03
4.035103358987810225e+03
4.059812381120902501e+03
4.084782546507135976e+03
4.110016518939266462e+03
4.135516892906640351e+03
4.161286189838818245e+03
4.187326854394087604e+03
4.213641250803473667e+03
4.240231659280726490e+03
4.267100272509025672e+03
4.294249192214939285e+03
4.321680425840268072e+03
4.349395883322206828e+03
4.377397373992124813e+03
4.405686603603050571e+03
4.434265171495678260e+03
4.463134567912348757e+03
4.492296171468160537e+03
4.521751246787839591e+03
4.551500942316617511e+03
4.581546288312739307e+03
4.611888195028749578e+03
4.642527451087987174e+03
4.673464722062206420e+03
4.704700549255313490e+03
4.736235348697845438e+03
4.768069410355651598e+03
4.800202897555805066e+03
4.832635846631822460e+03
4.865368166789465249e+03
4.898399640193639243e+03
4.931729922276057550e+03
4.965358542262542869e+03
4.999284903918003693e+03
5.033508286506353215e+03
5.068027845961889398e+03
5.102842616267800622e+03
5.137951511036895681e+03
5.173353325288750057e+03
5.209046737417049371e+03
5.245030311339999571e+03
5.281302498826391457e+03
5.317861641989121381e+03
5.354705975937617040e+03
5.391833631580168912e+03
5.429242638566694040e+03
5.466930928362250597e+03
5.504896337441238757e+03
5.543136610592008765e+03
5.581649404321519796e+03
5.620432290349383038e+03
5.659482759180805260e+03
5.698798223747659904e+03
5.738376023107202855e+03
5.778213426187821824e+03
5.818307635571491119e+03
5.858655791302659964e+03
5.899254974713616321e+03
5.940102212256535495e+03
5.981194479332749324e+03
6.022528704110101899e+03
6.064101771319566978e+03
6.105910526022714294e+03
6.147951777341980232e+03
6.190222302146123184e+03
6.232718848683707620e+03
6.275438140157789348e+03
6.318376878235652839e+03
6.361531746487605233e+03
6.404899413749626547e+03
6.448476537404830196e+03
6.492259766579420102e+03
6.536245745249088941e+03
6.580431115252382369e+03
6.624812519207934201e+03
6.669386603332945015e+03
6.714150020160679560e+03
6.759099431155188540e+03
6.804231509221845045e+03
6.849542941112665176e+03
