0.000000000000000000e+00
1.041728734637592524e+00
2.122826255093857029e+00
3.243291092709266188e+00
4.403120772133894967e+00
5.602311811622850968e+00
6.840859723440284590e+00
8.118759014363984505e+00
9.436003186294893652e+00
1.079258473697319864e+01
1.218849516079234618e+01
1.362372494972663439e+01
1.509826359435306742e+01
1.661209958498177741e+01
1.816522041289103839e+01
1.975761257165853380e+01
2.138926155860520950e+01
2.306015187633470021e+01
2.477026703437701372e+01
2.651958955093647319e+01
2.830810095473690424e+01
3.013578178697540011e+01
3.200261160336870603e+01
3.390856897630711586e+01
3.585363149710707376e+01
3.783777577835822825e+01
3.986097745638250700e+01
4.192321119377606919e+01
4.402445068206483825e+01
4.616466864444767992e+01
4.834383683864440684e+01
5.056192605983245159e+01
5.281890614369144998e+01
5.511474596953502925e+01
5.744941346353893152e+01
5.982287560206800237e+01
6.223509841509511631e+01
6.468604698971435596e+01
6.717568547374320076e+01
6.970397707942611021e+01
7.227088408721994028e+01
7.487636784967577341e+01
7.752038879541211713e+01
8.020290643317228785e+01
8.292387935597777471e+01
8.568326524536252009e+01
8.848102087570208596e+01
9.131710211862120730e+01
9.419146394749411400e+01
9.710406044203057263e+01
1.000548447929354694e+02
1.030437693066683664e+02
1.060707854102719239e+02
1.091358436562873635e+02
1.122388937277544159e+02
1.153798844432869544e+02
1.185587637622258512e+02
1.217754787898808218e+02
1.250299757828351517e+02
1.283222001543440456e+02
1.316520964797885824e+02
1.350196085022293744e+02
1.384246791380099353e+02
1.418672504824505154e+02
1.453472638156085850e+02
1.488646596081070186e+02
1.524193775270408082e+02
1.560113564419469583e+02
1.596405344308459178e+02
1.633068487863507130e+02
1.670102360218417346e+02
1.707506318777109868e+02
1.745279713276684959e+02
1.783421885851114155e+02
1.821932171095619424e+02
1.860809896131640926e+02
1.900054380672395666e+02
1.939664937089109458e+02
1.979640870477781220e+02
2.019981478726602404e+02
2.060686052583855599e+02
2.101753875726506351e+02
2.143184224829248876e+02
2.184976369634208311e+02
2.227129573021070428e+02
2.269643091077853114e+02
2.312516173172143397e+02
2.355748062022889826e+02
2.399337993772658990e+02
2.443285198060458754e+02
2.487588898095014542e+02
2.532248310728519982e+02
2.577262646530909933e+02
2.622631109864579457e+02
2.668352898959564072e+02
2.714427205989191521e+02
2.760853217146170664e+02
2.807630112719119211e+02
2.854757067169559832e+02
2.902233249209287465e+02
2.950057821878213531e+02
2.998229942622588737e+02
3.046748763373674365e+02
3.095613430626753484e+02
3.144823085520633867e+02
3.194376863917440801e+02
3.244273896482866348e+02
3.294513308766788668e+02
3.345094221284249443e+02
3.396015749596838873e+02
3.447277004394362621e+02
3.498877091577028295e+02
3.550815112337834876e+02
3.603090163245425970e+02
3.655701336327217064e+02
3.708647719152957620e+02
3.761928394918594449e+02
3.815542442530466474e+02
3.869488936689882053e+02
3.923766947978040207e+02
3.978375542941252547e+02
4.033313784176564241e+02
4.088580730417669997e+02
4.144175436621193853e+02
4.200096954053323088e+02
4.256344330376735456e+02
4.312916609737962403e+02
4.369812832854992166e+02
4.427032037105300901e+02
4.484573256614200432e+02
4.542435522343552066e+02
4.600617862180818065e+02
4.659119301028525797e+02
4.717938860894042250e+02
4.777075560979740203e+02
4.836528417773554338e+02
4.896296445139935827e+02
4.956378654411153093e+02
5.016774054479024016e+02
5.077481651887041494e+02
5.138500450922949767e+02
5.199829453711662381e+02
5.261467660308732093e+02
5.323414068794172636e+02
5.385667675366767071e+02
5.448227474438884883e+02
5.511092458731676516e+02
5.574261619370926155e+02
5.637733945983220565e+02
5.701508426792845512e+02
5.765584048719025532e+02
5.829959797473895833e+02
5.894634657660928951e+02
5.959607612873991229e+02
6.024877645797059813e+02
6.090443738304489898e+02
6.156304871562000471e+02
6.222460026128304662e+02
6.288908182057457452e+02
6.355648319001909385e+02
6.422679416316325387e+02
6.490000453162165286e+02
6.557610408613079471e+02
6.625508261761128779e+02
6.693692991823847933e+02
6.762163578252232128e+02
6.830919000839634236e+02
6.899958239831599940e+02
6.969280276036697614e+02
7.038884090938415738e+02
7.108768666808060743e+02
7.178932986818791733e+02
7.249376035160810261e+02
7.320096797157679021e+02
7.391094259383929739e+02
7.462367409783884113e+02
7.533915237791836716e+02
7.605736734453574854e+02
7.677830892549304735e+02
7.750196706718056703e+02
7.822833173583603639e+02
7.895739291881922099e+02
7.968914062590333742e+02
8.042356489058263378e+02
8.116065577139787592e+02
8.190040335327971661e+02
8.264279774891080024e+02
8.338782910010709202e+02
8.413548757921942070e+02
8.488576339055538256e+02
8.563864677182341438e+02
8.639412799559829637e+02
8.715219737080990399e+02
8.791284524425610698e+02
8.867606200213969032e+02
8.944183807163103666e+02
9.021016392245693396e+02
9.098103006851679311e+02
9.175442706952718481e+02
9.253034553269478693e+02
9.330877611442009538e+02
9.408970952203195566e+02
9.487313651555429033e+02
9.565904790950608003e+02
9.644743457473567787e+02
9.723828744029036670e+02
9.803159749532308069e+02
9.882735579103665486e+02
9.962555344266728525e+02
1.004261816315082683e+03
1.012292316069759636e+03
1.020346946887181275e+03
1.028425622687674831e+03
1.036528258137407875e+03
1.044654768670855447e+03
1.052805070513756846e+03
1.060979080706578770e+03
1.069176717128495966e+03
1.077397898521920979e+03
1.085642544517575288e+03
1.093910575660142285e+03
1.102201913434517337e+03
1.110516480292654705e+03
1.118854199681052705e+03
1.127214996068889150e+03
1.135598794976818908e+03
1.144005523006472686e+03
1.152435107870659522e+03
1.160887478424304391e+03
1.169362564696147729e+03
1.177860297921220990e+03
1.186380610574128468e+03
1.194923436403157211e+03
1.203488710465241638e+03
1.212076369161809453e+03
1.220686350275534096e+03
1.229318593008021026e+03
1.237973038018464194e+03
1.246649627463277511e+03
1.255348305036774263e+03
1.264069016012873362e+03
1.272811707287908121e+03
1.281576327424540750e+03
1.290362826696834190e+03
1.299171157136499914e+03
1.308001272580375598e+03
1.316853128719140841e+03
1.325726683147345511e+03
1.334621895414747542e+03
1.343538727079031560e+03
1.352477141759932238e+03
1.361437105194800552e+03
1.370418585295673438e+03
1.379421552207864352e+03
1.388445978370137482e+03
1.397491838576504279e+03
1.406559110039690495e+03
1.415647772456314897e+03
1.424757808073838760e+03
1.433889201759324351e+03
1.443041941070068560e+03
1.452216016326143290e+03
1.461411420684913992e+03
1.470628150217588882e+03
1.479866203987836798e+03
1.489125584132563745e+03
1.498406295944866315e+03
1.507708347959270441e+03
1.517031752039260709e+03
1.526376523467217339e+03
1.535742681036784916e+03
1.545130247147761565e+03
1.554539247903566547e+03
1.563969713211347198e+03
1.573421676884825047e+03
1.582895176749904977e+03
1.592390254753166346e+03
1.601906957073284275e+03
1.611445334235457267e+03
1.621005441228937343e+03
1.630587337627713623e+03
1.640191087714455762e+03
1.649816760607777269e+03
1.659464430392923987e+03
1.669134176255944567e+03
1.678826082621458909e+03
1.688540239294084131e+03
1.698276741603627215e+03
1.708035690554122539e+03
1.717817192976814795e+03
1.727621361687167337e+03
1.737448315645997809e+03
1.747298180124841565e+03
1.757171086875626315e+03
1.767067174304757145e+03
1.776986587651725358e+03
1.786929479172315041e+03
1.796896008326533547e+03
1.806886341971336833e+03
1.816900654558288579e+03
1.826939128336208341e+03
1.837001953558962214e+03
1.847089328698443296e+03
1.857201460662900672e+03
1.867338565020670330e+03
1.877500866229443318e+03
1.887688597871150250e+03
1.897902002892586552e+03
1.908141333851859599e+03
1.918406853170757358e+03
1.928698833393155610e+03
1.939017557449540618e+03
1.949363318927747514e+03
1.959736422350016028e+03
1.970137183456438834e+03
1.980565929494907095e+03
1.991022999517621656e+03
2.001508744684262865e+03
2.012023528571886345e+03
2.022567727491636788e+03
2.033141730812312971e+03
2.043745941290894962e+03
2.054380775410037586e+03
2.065046663722633639e+03
2.075744051203442268e+03
2.086473397607865081e+03
2.097235177837857009e+03
2.108029882315027862e+03
2.118858017360912072e+03
2.129720105584441171e+03
2.140616686276577639e+03
2.151548315812107830e+03
2.162515568058552162e+03
2.173519034792141611e+03
2.184559326120803235e+03
2.195637070914077867e+03
2.206752917239862199e+03
2.217907532807882490e+03
2.229101605419753923e+03
2.240335843425486019e+03
2.251610976186248536e+03
2.262927754543227366e+03
2.274286951292326194e+03
2.285689361664499756e+03
2.297135803811424012e+03
2.308627119296234014e+03
2.320164173588985705e+03
2.331747856566496012e+03
2.343379083016171990e+03
2.355058793143414732e+03
2.366787953082126023e+03
2.378567555407857526e+03
2.390398619653024525e+03
2.402282192823668538e+03
2.414219349917100317e+03
2.426211194439827068e+03
2.438258858924992637e+03
2.450363505448654450e+03
2.462526326144038649e+03
2.474748543712974424e+03
2.487031411933557592e+03
2.499376216163150730e+03
2.511784273835641670e+03
2.524256934951961284e+03
2.536795582562679101e+03
2.549401633241527179e+03
2.562076537548596662e+03
2.574821780481889618e+03
2.587638881915863749e+03
2.600529397025529761e+03
2.613494916694590756e+03
2.626537067906074299e+03
2.639657514113787784e+03
2.652857955592937742e+03
2.666140129768091356e+03
2.679505811516701669e+03
2.692956813446231990e+03
2.706494986142965445e+03
2.720122218390426497e+03
2.733840437355344420e+03
2.747651608738983668e+03
2.761557736891638797e+03
2.775560864888018386e+03
2.789663074561188751e+03
2.803866486492707736e+03
2.818173259956541187e+03
2.832585592814284610e+03
2.847105721359215750e+03
2.861735920106635604e+03
2.876478501527993103e+03
2.891335815726176861e+03
2.906310250049479691e+03
2.921404228641594273e+03
2.936620211925165677e+03
2.951960696016294150e+03
2.967428212067545701e+03
2.983025325536971195e+03
2.998754635380751552e+03
3.014618773167115705e+03
3.030620402109292172e+03
3.046762216015304602e+03
3.063046938152581333e+03
3.079477320025433528e+03
3.096056140063619296e+03
3.112786202220348059e+03
3.129670334478277255e+03
3.146711387262213066e+03
3.163912231757466088e+03
3.181275758132990177e+03
3.198804873668752862e+03
3.216502500786926248e+03
3.234371574986908854e+03
3.252415042684336186e+03
3.270635858954669857e+03
3.289036985182192893e+03
3.307621386615635402e+03
3.326392029831981745e+03
3.345351880110385537e+03
3.364503898718514392e+03
3.383851040114022453e+03
3.403396249064232052e+03
3.423142457687600199e+03
3.443092582420819781e+03
3.463249520915989251e+03
3.483616148872546091e+03
3.504195316809225915e+03
3.524989846781605593e+03
3.546002529051282181e+03
3.567236118713123233e+03
3.588693332287372868e+03
3.610376844283862283e+03
3.632289283745849389e+03
3.654433230781412931e+03
3.676811213090628826e+03
3.699425702497028851e+03
3.722279111492165612e+03
3.745373789802240481e+03
3.768712020986099105e+03
3.792296019073890420e+03
3.816127925255976152e+03
3.840209804631601401e+03
3.864543643027042435e+03
3.889131343892775476e+03
3.913974725289299386e+03
3.939075516971055094e+03
3.964435357577773175e+03
3.990055791942385440e+03
4.015938268524388150e+03
4.042084136977221988e+03
4.068494645857956584e+03
4.095170940487099870e+03
4.122114060965993303e+03
4.149324940358707863e+03
4.176804403044904575e+03
4.204553163249497629e+03
4.232571823754450634e+03
4.260860874797264842e+03
4.289420693160313022e+03
4.318251541454174912e+03
4.347353567597710025e+03
4.376726804496744990e+03
4.406371169922535046e+03
4.436286466590466262e+03
4.466472382438693785e+03
4.496928491105699322e+03
4.527654252604984322e+03
4.558649014194433221e+03
4.589912011437182628e+03
4.621442369450083788e+03
4.653239104335301818e+03
4.685301124789811183e+03
4.717627233887139482e+03
4.750216131024904826e+03
4.783066414031449312e+03
4.816176581424109827e+03
4.849545034811427286e+03
4.883170081431096150e+03
4.917049936815118599e+03
4.951182727573359443e+03
4.985566494286405032e+03
5.020199194498422912e+03
5.055078705800621719e+03
5.090202828995667915e+03
5.125569291333559704e+03
5.161175749809201989e+03
5.197019794512183580e+03
5.233098952019159697e+03
5.269410688819463758e+03
5.305952414764673449e+03
5.342721486533086136e+03
5.379715211100258784e+03
5.416930849207018582e+03
5.454365618816696042e+03
5.492016698553569768e+03
5.529881231114911316e+03
5.567956326649340554e+03
5.606239066094602094e+03
5.644726504468263556e+03
5.683415674105168364e+03
5.722303587836062434e+03
5.761387242101982338e+03
5.800663619999661933e+03
5.840129694253430898e+03
5.879782430109663437e+03
5.919618788150118235e+03
5.959635727021025559e+03
5.999830206075110254e+03
6.040199187924176840e+03
6.080739640900238555e+03
6.121448541423566894e+03
6.162322876276388342e+03
6.203359644781281531e+03
